100
337016056723
142915724781
674960891223
976543312185
507995698619
337016056723
142915724781
674960891223
976543312185
507995698619
337016056723
142915724781
674960891223
976543312185
507995698619
337016056723
142915724781
674960891223
976543312185
507995698619
337016056723
142915724781
674960891223
976543312185
507995698619
337016056723
142915724781
674960891223
976543312185
507995698619
337016056723
142915724781
674960891223
976543312185
507995698619
337016056723
142915724781
674960891223
976543312185
507995698619
337016056723
142915724781
674960891223
976543312185
507995698619
337016056723
142915724781
674960891223
976543312185
507995698619
743008370701
753352617169
701904175931
507995698621
824633702441
743008370701
753352617169
701904175931
507995698621
824633702441
743008370701
753352617169
701904175931
507995698621
824633702441
743008370701
753352617169
701904175931
507995698621
824633702441
743008370701
753352617169
701904175931
507995698621
824633702441
743008370701
753352617169
701904175931
507995698621
824633702441
743008370701
753352617169
701904175931
507995698621
824633702441
743008370701
753352617169
701904175931
507995698621
824633702441
743008370701
753352617169
701904175931
507995698621
824633702441
743008370701
753352617169
701904175931
507995698621
824633702441
