30
3
1 2 4
7
5 2 4 2 4 1 1
10
3 1 1 2 1 3 4 4 1 4
50
873 838 288 87 889 364 720 410 565 651 577 356 740 99 549 592 994 385 777 435 486 118 887 440 749 533 356 790 413 681 267 496 475 317 88 660 374 186 61 437 729 860 880 538 277 301 667 180 60 393
50
297 787 34 268 439 629 600 398 425 833 721 908 830 636 64 509 420 647 499 675 427 599 396 119 798 742 577 355 22 847 389 574 766 453 196 772 808 261 106 844 726 975 173 992 874 89 775 616 678 52
100
1 1 1 1 1 1 1 1 1 1 1 1 1 1 1 1 1 1 1 1 1 1 1 1 1 1 1 1 1 1 1 1 1 1 1 1 1 1 1 1 1 1 1 1 1 1 1 1 1 1 1 1 1 1 1 1 1 1 1 1 1 1 1 1 1 1 1 1 1 1 1 1 1 1 1 1 1 1 1 1 1 1 1 1 1 1 1 1 1 1 1 1 1 1 1 1 1 1 1 1
100
408775 951905 198113 227169 170826 717434 172837 379198 720110 733849 256909 997639 834222 642949 317137 409227 410206 641528 625980 937295 557730 566754 910637 716940 949428 513251 236121 195566 241377 442709 617863 89943 809036 620607 976274 444954 341290 780899 673131 169536 855557 140849 834517 896326 288250 973842 612135 837341 392826 717982 9230 855977 877452 396710 533640 41027 83530 499051 910697 285943 265311 603300 902810 529542 617232 759933 521493 696677 836912 194002 101099 870077 671914 489016 880254 480553 464506 994229 592711 271483 710964 368899 518929 86199 106620 787857 124988 494997 797005 161218 157883 525123 702771 350507 60054 915234 134288 826393 635497 131140
150
884333244 635480372 349939572 668542295 816835579 100666087 369501361 730833203 504720532 405293490 962599853 328289184 772223181 80830156 251458169 286633392 480937250 376423105 118664345 623396616 827007681 600233970 388935557 559710819 39939084 101912336 88314667 677982733 57603867 240826277 949204587 435914345 501394999 648537227 620524442 600905836 838689888 475329650 792348416 278282271 629191624 731735135 679332186 734533408 852835414 831065639 863330904 489879329 317727780 133426936 870710048 164038760 413736450 742781393 984945353 667811918 251362800 340657669 137938657 847332800 163133864 105458109 118700008 724696001 800312593 528874610 212401107 265077734 885705421 250645879 613557897 379376856 168015532 278503021 430576745 690567894 850583607 910201292 318555331 225624624 620870438 402316641 22351450 934890957 825435626 779774154 46696937 614024102 472199716 154771452 789680794 413208393 620987180 40443326 339341456 348800087 450382475 67626027 390414687 414681862 488163969 335749940 402047118 139478687 271247488 340735260 851001884 98565633 415877550 724940538 584093944 356615708 946142055 510808890 781430664 936310903 990279609 881865756 236500515 469290411 618653159 390286388 555766679 350892006 351285479 89585896 875154852 307698537 373412324 640887541 529110398 955019530 702333628 795166443 709203535 386682035 373400706 486484396 888466354 262079969 516304893 219249905 861190713 767041574 801705512 290211269 583767017 106660775 973670576 345933576
300
749742803 18191409 622777557 9681243 973188143 324388598 183277292 55438561 413917221 131790592 590542659 392236717 815398221 561014833 905219083 945411175 153813376 349940626 897954833 717876294 855914285 235797619 729018575 418847593 347196357 192968408 138200418 181831056 561180210 500623568 238012767 163439366 371331329 860790324 173120609 197035825 37695274 356397902 252474386 451612495 340704846 843017045 696365565 8619419 256548231 601584648 954030595 262877959 804041626 851985428 980754253 512472264 87783047 562289180 931319857 287495757 607773941 922036628 469326813 168954151 275176548 707339580 332393517 646507877 420646256 358030479 696060054 458341531 714428381 948534440 909954026 55133227 644067838 458835943 63752646 753132421 60420591 870299593 16010380 716978570 574801374 849280985 229450834 515100773 264086517 13287043 802596530 871860458 935323671 124439695 40814610 63016571 684295627 225724479 709524449 104941884 583754958 258100855 563283415 150699691 59151648 325753793 58349270 703219486 784589737 974618269 308868259 697526680 844917862 324878639 267021602 272235588 26675976 496472436 787336362 290762493 362275832 442449244 162622952 150115855 566888940 55953914 213132427 103700919 134194745 922656876 208642803 717949704 33274083 624442570 721165747 92425731 950196364 779515018 795645217 587302453 606649639 104513476 137345485 304083853 281908467 404367088 576319442 308584443 753355876 363655804 599346937 115631708 806105048 614486241 265747564 225510340 670440155 478879991 329211260 804634900 254053219 390370415 375100956 287327302 14812986 96266704 379753034 817525702 728298074 27914603 257344507 187464065 984944432 394689992 491547918 119369251 651573432 67867360 427953695 404929309 284039516 879816984 373077369 90144565 494303225 638824933 168171257 17259732 970221276 349898869 674410984 76790847 740269285 49511941 364118150 755082271 998294997 596387536 425124325 579109423 624302139 682468832 766573488 461762923 77158824 110637758 581132175 581248609 178505119 9085870 986177918 462544635 741419206 211771639 405205552 88238783 850596573 425893162 105498515 673334201 775792031 779909499 750125049 516061316 681937792 114243199 123659939 532749141 563147087 548784264 964374916 39965578 83769448 583464756 501728502 13444625 694102515 82860677 594693234 872607634 944462899 433387504 187668621 685882105 645159143 445390526 774120888 348272068 871283688 732135755 21606270 647075719 364561606 771731319 15653388 46499399 738490870 139313327 431764892 154154309 540613944 248656161 194119887 624383392 832120917 695848389 637828017 526223432 778709066 85037603 251347418 575688317 518425107 291532392 114086774 163584251 736922918 888207662 511856319 608206606 472859769 385978941 107798677 837421376 10226612 123452065 736437127 748717482 115281745 20718371 902871791 508412041 269374532 96991679 985311785 101495450 645356420 475656155 480235234 276581839 560693758 731582653 852270156 79118866
300
924942164 661436 770228508 377098297 570648572 139813607 718622328 323413542 947960911 788699752 808556774 828276934 363539481 63724427 926546109 871502272 47051518 607943836 222583994 91149912 923374820 629499083 211474066 107076922 315859683 584516910 549085869 988253755 322130098 37713027 36686419 99588614 38374464 659431279 329203263 461539388 799244886 47825591 784952930 599722149 836525344 446026057 280515435 52581177 509750484 59577897 924083449 409318354 667521733 146667444 500468266 443412906 628682879 711942332 550489828 944542562 148975595 99575697 785312670 471105693 137288725 674515441 423210659 28179541 186463073 752413922 342235281 985707959 800239513 127188211 437946461 489281209 425730620 570978248 394378738 935481104 630556145 170978540 197315810 150594231 170162336 697784077 594007137 798845215 262242761 144496965 595904130 411218356 96589015 233733152 734840401 86394092 908248593 158051060 967089985 94711666 910464982 309325266 932935978 563220848 289029829 223398791 905018409 714760450 794377039 299397148 502757906 277449537 470375688 700073717 280560120 640538024 250374146 874567257 291899591 365133259 871580574 887803721 776351616 820685941 121536873 363708369 907080033 882301819 521759430 726686370 829529837 284740764 36011636 614982167 700477964 177557818 838380958 605496374 744834620 485274350 757409874 100108878 615240239 80301914 800182595 895800359 720839938 903073093 622883968 12739529 268206353 346980894 753059603 897074321 167666836 874596476 260782690 927263221 609414647 635058472 653949592 438944485 919799237 542477580 53926652 472793553 572551750 744823963 78289927 317386370 82614665 688216153 417495249 697854904 768518067 70194196 446171615 341874357 973267290 69055583 207130239 93989995 416036477 960189842 991064316 436219665 687302670 104363358 363482887 296717318 739421831 869948831 588178155 511737420 264942763 494621159 984530973 837494514 91961474 915337253 7397236 174576139 456069758 424892485 724947395 224587826 347603034 171119010 566462183 173386676 92690945 773592422 267376671 508727423 586298616 110957339 944947088 273601287 67837049 160946327 422834957 807258880 30895158 11013112 171512652 148354274 505634271 8559978 985848788 597595746 776413583 993246024 624688237 232483341 270654862 349635633 309587519 618257896 373270995 876049703 791644572 465961941 502158477 59021243 974689364 88457094 22494934 772152804 214574733 90331983 785615484 637409690 750107216 669026994 500939154 921619868 817381268 6573425 782696198 803230056 456685523 559109781 648992433 81373761 644109475 919647295 283525746 953696994 537905191 656796741 682263049 182066115 122758682 36937879 93603710 949964398 125394973 116098644 574633555 192486058 58946979 212765391 682412100 809054195 881792385 183351254 583190416 699173654 42441031 365886614 354920062 351642907 777512748 3912495 285533020 421622223 776076142 569058766 227835569 166497685 78371859 910098619 348563800 53646894
300
59 74 23 34 42 86 71 59 93 79 11 7 28 74 74 67 95 34 57 16 16 49 21 15 97 11 47 21 49 34 95 60 60 70 94 55 8 66 66 2 97 30 9 25 4 35 44 22 2 16 90 3 90 5 1 4 74 3 90 21 63 51 91 10 58 76 24 54 25 6 15 2 11 51 46 11 73 79 15 56 69 20 56 23 77 82 26 67 3 41 70 47 51 80 99 79 5 53 4 11 20 6 74 71 5 37 96 5 17 11 61 38 84 70 61 61 4 39 80 8 81 51 7 32 83 6 64 40 11 68 4 31 27 78 3 32 16 51 89 33 15 3 71 51 73 85 64 29 24 44 37 57 47 96 90 31 2 54 71 13 74 75 45 1 6 85 22 3 75 7 18 78 30 69 3 15 33 32 92 30 22 49 77 18 91 60 21 97 84 86 24 59 31 25 65 83 63 39 87 38 98 57 68 29 79 71 96 64 55 40 94 77 90 24 96 33 84 69 31 68 55 55 80 87 32 97 22 95 37 9 85 35 19 53 16 98 76 13 62 32 53 9 9 95 33 57 29 69 26 12 90 34 19 70 73 3 19 95 51 8 57 36 96 76 42 12 74 70 77 88 54 83 97 16 78 82 73 59 4 52 23 94 86 42 16 11 46 35 6 97 96 63 85 92 91 79 4 17 2 82
300
6 56 17 55 72 95 38 98 7 42 50 30 88 88 73 4 99 71 91 57 20 87 21 57 79 12 89 36 30 91 18 88 47 87 43 72 82 33 70 41 27 72 72 15 12 97 71 11 68 63 20 40 2 41 97 82 6 38 70 88 29 40 28 29 27 23 1 9 9 71 51 36 95 75 4 7 72 27 70 92 42 90 32 45 84 81 79 42 20 49 82 1 89 10 30 16 85 31 77 94 54 80 83 49 55 39 8 79 66 78 71 61 69 55 6 5 89 37 47 9 38 81 10 79 43 93 47 28 76 24 75 31 57 58 32 64 49 41 44 15 71 15 28 92 23 86 97 12 23 96 73 13 77 35 92 20 28 39 1 5 16 76 88 25 86 20 89 35 13 33 2 37 1 31 29 24 17 79 36 93 27 9 6 5 44 51 77 25 42 78 30 10 6 18 35 92 90 25 27 4 10 30 93 11 13 22 35 30 53 23 75 81 84 82 38 29 85 67 54 27 98 36 90 4 54 25 97 96 2 76 52 13 58 45 24 71 68 12 54 73 35 29 54 20 63 44 1 48 12 7 28 10 43 70 66 49 95 15 45 98 92 98 63 2 95 87 74 15 51 80 89 39 9 43 11 25 40 12 25 52 71 53 14 14 75 32 15 71 48 12 21 92 62 84 94 58 23 20 73 27
300
62 66 62 58 77 87 50 41 12 2 12 18 68 78 93 93 16 57 37 44 20 73 91 30 49 63 55 76 64 18 94 78 28 71 17 78 12 29 32 24 99 52 54 93 4 99 61 5 56 51 1 28 76 92 10 25 56 66 53 72 84 47 50 64 18 67 94 82 48 26 58 48 78 12 93 34 11 54 39 20 5 41 82 85 11 59 41 77 13 13 13 60 15 29 31 34 23 13 83 1 24 83 79 36 28 13 82 5 72 40 98 72 74 83 35 85 77 64 50 42 77 63 10 6 94 44 81 59 79 82 83 14 13 72 42 79 24 77 84 96 69 34 20 95 69 56 80 46 20 31 89 50 46 99 8 40 95 90 51 75 24 87 89 38 11 84 17 35 61 53 83 30 87 55 25 56 63 57 55 36 40 96 86 86 47 46 78 42 88 30 69 13 69 11 51 32 95 20 19 8 73 2 38 12 9 15 68 73 72 75 61 65 71 99 51 18 45 30 13 34 12 34 99 33 45 2 65 92 22 84 52 95 38 90 7 47 57 27 72 82 3 33 47 26 32 98 97 30 80 10 16 44 96 15 77 94 17 42 86 91 78 91 86 16 81 45 16 91 24 40 73 79 26 72 6 58 22 3 40 3 65 56 47 61 23 77 55 40 19 94 31 98 85 69 66 18 66 82 61 91
300
23 86 70 49 58 28 59 81 31 52 36 48 8 35 10 32 12 17 24 84 63 8 82 77 71 96 83 32 39 58 71 9 59 29 90 70 62 21 22 50 22 31 86 84 15 98 1 39 34 17 47 16 69 77 17 40 73 52 25 64 62 96 73 21 77 63 91 40 37 66 42 59 97 28 43 64 79 96 3 13 65 3 82 35 32 51 27 57 3 4 21 65 52 94 38 30 10 81 22 99 47 64 10 96 45 5 60 24 53 16 89 71 19 71 6 51 22 85 8 77 90 29 94 42 75 84 24 37 66 46 88 65 63 98 62 8 55 74 84 9 90 73 80 61 97 38 64 71 75 24 1 17 5 95 12 33 80 36 70 98 35 11 63 98 61 77 58 17 52 42 78 94 67 58 8 64 48 72 36 23 97 37 93 54 84 5 87 16 93 10 14 28 21 30 78 82 7 36 51 11 30 29 58 98 39 66 14 87 38 2 63 87 39 56 42 76 61 81 92 6 91 59 35 64 41 65 99 54 50 12 84 80 70 34 19 88 49 59 78 51 22 66 43 30 60 71 43 93 63 49 85 74 36 1 15 2 16 56 3 80 92 35 2 79 6 90 80 65 20 83 39 86 26 21 98 97 64 92 13 66 29 39 2 82 7 56 35 75 64 38 7 57 73 9 88 79 51 68 97 71
300
51 88 10 30 10 60 79 26 4 44 92 33 84 95 68 43 3 3 18 68 41 25 25 66 86 65 97 89 33 94 60 84 35 22 14 45 83 46 23 87 90 16 73 74 63 41 69 66 96 87 34 37 64 11 3 50 76 39 61 47 52 46 82 74 12 79 9 58 54 97 1 70 22 75 85 15 97 52 11 84 38 48 49 2 3 51 78 55 91 40 54 43 38 88 69 2 19 79 13 74 76 14 44 50 41 82 65 38 86 76 75 24 76 24 26 31 75 57 86 18 49 93 13 39 81 83 41 1 62 6 75 90 20 71 40 14 53 57 52 39 33 27 16 61 3 42 92 31 51 30 49 23 63 39 5 98 33 6 60 39 33 2 12 4 94 26 10 51 30 49 36 58 17 97 13 12 41 44 63 71 46 16 95 61 7 52 59 92 10 19 32 43 73 44 99 67 22 9 18 52 11 54 10 28 3 76 40 44 20 56 15 18 24 62 79 31 14 38 24 24 9 8 67 34 4 19 1 26 28 19 78 91 25 89 72 80 17 64 24 37 20 92 8 44 54 87 28 69 78 4 93 39 12 13 74 16 32 75 42 12 47 20 56 24 61 28 5 78 44 29 68 65 21 76 61 28 15 41 97 93 45 42 85 57 7 59 25 39 86 67 4 33 88 60 58 1 40 63 80 84
300
44 48 1 18 76 15 46 91 56 95 37 54 89 22 11 97 33 37 36 19 56 92 5 96 52 15 98 44 30 30 29 74 78 82 44 6 97 42 97 6 37 86 60 79 8 23 76 93 12 64 13 69 57 70 65 9 85 15 54 67 45 35 93 75 17 38 81 67 80 31 73 70 17 33 49 78 56 77 71 69 41 36 90 98 58 7 60 43 23 14 10 68 1 4 96 18 94 77 85 26 8 10 48 78 95 97 56 52 74 79 73 68 16 15 66 74 22 26 70 97 92 32 18 93 88 14 64 82 43 1 61 52 12 9 82 7 7 38 11 33 17 36 53 85 3 20 12 26 46 34 75 91 66 93 84 7 7 89 51 2 50 55 66 12 37 25 71 27 89 56 96 77 10 34 81 30 46 59 28 80 34 19 98 28 56 5 87 56 47 90 58 49 45 76 61 34 2 32 13 43 89 10 20 99 44 53 29 42 12 9 74 99 29 24 27 85 30 66 93 29 57 4 78 54 80 92 41 34 24 54 77 65 16 50 64 12 3 45 6 16 7 80 15 36 57 94 73 39 12 66 68 21 70 98 76 3 90 69 37 67 75 67 32 92 17 49 56 20 46 63 88 5 95 55 41 52 49 66 43 14 85 11 35 55 62 63 10 4 32 48 71 60 15 56 52 32 57 60 4 55
300
23 93 61 71 48 54 75 50 21 19 64 6 82 51 13 44 15 24 49 99 24 72 59 39 28 63 23 37 24 27 93 47 20 6 70 69 60 46 71 33 65 35 91 47 86 5 92 53 81 93 53 5 65 64 96 46 28 71 83 52 98 28 51 71 86 22 92 47 20 63 32 85 50 24 32 88 81 76 42 62 69 47 19 87 11 67 33 91 38 68 95 88 97 99 59 83 73 51 82 93 66 15 78 16 39 62 57 20 39 99 34 60 98 5 47 61 72 80 53 10 49 98 98 99 10 33 72 61 16 65 80 83 43 48 74 6 5 46 97 56 80 57 54 85 5 16 9 37 21 19 86 21 69 36 21 79 70 45 93 38 11 73 21 6 73 47 12 79 93 61 35 25 19 90 10 76 58 71 13 31 42 52 4 11 88 25 43 58 23 36 96 34 61 69 40 86 16 5 65 61 66 1 86 37 43 48 13 53 19 79 36 61 31 40 25 19 18 68 30 41 56 78 75 69 15 55 68 72 21 30 91 74 16 28 69 17 94 22 36 25 58 50 56 98 75 27 68 43 9 9 99 40 84 68 40 52 75 8 24 96 90 15 22 59 96 91 76 42 13 12 67 23 14 75 74 89 2 42 32 64 52 83 4 88 3 44 40 79 4 17 27 95 84 50 54 80 41 82 74 7
300
46 41 82 61 16 56 50 71 51 35 35 55 18 39 43 74 35 36 53 39 5 80 86 89 30 92 22 72 74 96 31 21 38 13 82 6 22 84 77 73 19 12 28 90 3 23 64 38 11 17 30 16 49 16 6 32 9 80 56 83 76 87 56 66 38 73 22 23 50 95 94 15 75 84 18 51 48 9 62 17 39 31 67 7 89 99 16 69 55 52 45 42 8 64 94 99 37 17 74 39 64 68 54 92 53 25 95 1 34 9 19 25 40 38 32 29 37 1 98 44 5 96 86 13 60 80 64 49 49 38 88 14 59 95 58 12 72 53 65 6 62 36 83 3 74 67 84 63 68 83 7 73 31 45 39 91 78 55 92 27 46 80 93 5 27 51 69 99 56 34 57 19 71 40 74 97 8 58 61 28 93 68 54 24 66 45 67 44 59 71 46 92 17 3 19 20 72 71 77 59 28 48 82 21 74 79 81 84 92 61 78 13 15 2 79 60 22 23 13 81 46 11 25 63 15 97 36 39 68 13 98 48 13 80 21 87 12 2 71 4 16 1 69 31 56 48 44 78 23 9 11 70 20 37 85 87 34 73 27 54 38 77 2 51 10 24 90 22 78 14 78 46 15 48 78 71 48 74 1 24 35 13 46 55 50 31 95 36 57 74 90 95 51 92 47 61 68 89 35 99
300
3 66 45 71 66 75 94 14 1 96 38 36 61 84 44 11 68 39 47 25 13 89 20 16 33 19 30 2 9 65 53 64 83 50 35 49 26 82 16 79 78 6 16 39 43 60 2 11 51 1 88 16 42 60 32 75 32 62 77 93 80 82 57 15 33 45 65 11 27 33 90 57 39 6 48 82 18 2 45 69 3 33 85 45 46 18 72 30 32 50 23 64 84 32 80 17 77 97 28 4 30 71 13 69 77 61 52 96 63 49 17 18 35 3 15 81 73 88 11 57 90 86 22 74 18 54 44 96 51 24 52 33 95 66 54 73 79 58 21 43 8 38 13 43 93 81 76 66 69 87 24 11 73 98 85 91 52 81 39 55 6 92 88 1 10 94 26 41 53 99 36 61 38 50 4 83 31 80 50 52 19 26 63 44 24 87 76 82 27 83 88 71 23 41 33 17 68 74 70 19 11 83 9 13 87 93 44 19 43 48 90 21 11 34 45 11 74 73 45 1 56 33 24 31 27 9 48 47 83 71 66 46 54 76 59 94 69 55 65 64 3 56 85 66 42 82 30 16 55 75 69 63 61 45 94 88 54 94 35 90 65 53 36 20 29 48 66 50 3 31 14 59 87 51 25 82 85 7 98 40 83 68 55 44 65 49 84 20 44 71 62 61 24 98 81 54 98 99 56 54
300
31 23 65 70 74 42 52 60 50 51 52 33 71 8 29 36 9 65 8 5 36 70 67 60 21 66 19 23 25 31 46 90 1 72 33 6 84 83 57 89 68 80 49 49 68 58 14 77 16 2 99 83 14 20 83 33 92 83 56 17 66 54 60 20 78 93 26 15 28 35 4 96 15 53 97 35 63 11 12 79 65 64 14 79 84 98 12 76 33 20 46 74 6 20 5 51 46 20 79 81 24 27 48 29 24 83 44 87 48 24 52 12 38 31 48 88 96 25 22 16 23 22 43 29 94 48 80 40 68 11 73 44 38 73 25 62 56 69 49 56 45 53 20 36 84 69 24 80 46 98 49 69 72 92 50 66 40 82 58 60 93 83 56 83 56 81 45 65 50 46 21 96 51 94 32 35 63 8 68 61 7 69 82 79 61 32 98 53 66 56 13 11 40 21 94 96 2 91 61 52 89 35 40 29 84 27 44 45 47 5 52 16 39 83 77 71 81 30 89 90 95 30 16 46 78 70 89 92 75 78 27 27 18 8 12 97 4 57 45 9 61 61 48 96 39 71 78 21 12 68 69 64 50 37 10 28 8 99 20 83 77 99 10 47 7 74 44 11 83 41 72 96 3 72 93 42 95 71 15 7 91 84 71 41 22 33 21 82 32 42 17 61 41 27 60 1 54 57 64 89
300
5448 3553 4378 2346 1292 5229 3080 2446 3471 5562 6191 3478 8006 7053 7613 9653 4008 6320 6161 4142 9053 8159 7059 9654 8860 9671 7502 150 9733 7476 9387 5181 1029 3765 3879 8673 8994 6959 7471 8818 2521 15 2296 6879 7068 9909 6532 7428 6229 2693 1570 1634 7205 4981 1288 2417 4652 5143 2567 4385 2619 8306 5919 2071 9798 5026 7418 3110 2497 6236 1983 2512 8532 8863 5932 4793 1747 9712 7374 793 7635 9008 7998 2616 6649 6767 7269 1792 5686 1654 763 3993 3925 763 2416 3724 5789 9834 3186 4639 2422 5169 7151 7306 4032 9436 8451 2132 9148 5825 2925 6783 1186 7275 5752 7835 4042 3021 9627 6080 1027 390 73 4953 7505 8842 5029 9647 5028 8215 638 7451 9736 7789 1109 121 3577 9561 2253 2726 1738 5178 5861 2924 2453 1613 759 2847 986 6738 8927 8366 3480 5353 9671 986 4195 4700 6985 5575 9267 7623 9378 9003 1764 488 5476 5342 6401 7729 4420 8139 9259 6633 7416 8064 4599 4527 911 1937 1266 6191 303 4746 1544 9974 2084 2091 1026 5421 7666 6645 3044 7045 2001 1161 3885 7477 6503 286 1559 7275 4777 818 260 8545 8883 1211 3073 6146 3149 4339 2337 9804 5437 233 9779 3874 8676 7157 9295 2695 3803 2340 6092 5804 3501 9977 9633 6356 6615 1192 9983 7744 2011 6595 6290 7246 7807 5715 3392 956 6406 2082 760 8195 8667 6891 2069 7344 4049 1365 6391 4204 3705 2483 6360 3558 8812 5993 6266 1779 7186 6249 9523 5549 2844 2165 2795 7003 4232 2539 7959 638 973 5072 8834 5993 8315 903 9689 2364 8620 6080 2920 2325 8563 9280 2235 3727 5274 8501 5506 2460 1102 5029 4361 299 3547 3508
300
7302 7779 2399 1614 4770 3373 6686 9956 9366 5001 859 9055 3718 9480 1487 6638 8157 50 2271 6745 129 7545 5246 5635 6357 2701 7016 718 3000 563 4226 302 4695 6625 8268 5817 6350 4954 5773 2068 6308 2984 7475 6378 8816 8962 3016 6974 5364 5287 71 5493 9184 1669 1128 5541 4370 8145 2611 7370 5060 6837 4025 6107 9815 8645 1924 2517 3600 7697 4586 6260 682 2061 2638 9498 1024 2006 2824 6388 3646 2895 1882 2830 4565 9362 4724 8935 7507 7335 2658 8920 525 3035 5027 340 1680 3304 2857 1632 1001 3795 4244 8035 5857 6882 7534 3233 5241 6710 9621 8887 9606 7855 1717 523 7218 6441 5810 1077 3777 8468 9997 654 7855 1377 994 5888 4681 203 3872 2034 351 8117 70 6208 1351 3956 9441 6592 666 5414 1831 6624 3270 3549 7147 488 6342 2958 7917 6471 7778 7915 7125 1986 5644 4471 7874 6677 1027 8098 5063 1378 6215 5133 3938 3919 5441 9731 6863 6108 1497 8695 2732 4767 2244 6232 1607 4938 9190 9525 1410 6968 3792 4887 8954 5788 9359 3180 2465 6738 1279 7528 8116 3846 9014 8406 7765 4455 8137 981 6915 9634 9676 6000 754 8272 2232 8713 3210 1422 8238 972 4742 8382 5860 49 4170 5219 3229 2987 1957 860 516 6425 4707 5882 1183 8824 6689 9320 9805 3605 5306 9481 9605 2412 7753 8189 1126 7316 9611 5716 8288 705 4099 4148 754 4621 5719 3984 7609 4028 1196 4477 453 5903 359 1636 4728 7048 7308 885 7005 8967 367 2962 7731 4472 1151 5209 1788 7114 926 77 7820 1377 577 8574 2350 6297 8910 9959 325 107 788 7131 2362 1147 5119 7090 4548 8780 4328 7905 4099 4695 868 1830
300
5519 8371 7040 7308 5486 4318 3737 3306 2047 4314 8232 4397 6963 3495 4357 7289 3602 5145 772 5964 2645 2243 9407 3545 1023 3735 1450 1474 4782 8670 3305 301 7042 6697 3961 8880 7367 7698 2186 9414 8365 6770 3811 5328 265 8168 8969 219 9666 9741 2536 8663 1985 8295 2208 9360 8382 10 835 3164 5033 492 9817 8427 3541 3779 7307 908 7829 5845 322 6194 8967 4133 7875 9233 8654 6844 9452 4672 6586 8340 3335 4923 6635 1895 4283 5017 1905 5118 4533 3290 1962 703 1717 5503 834 5376 6411 8663 7573 6733 1210 6541 7219 9085 5774 5873 5929 1578 6897 8867 9919 232 3790 2906 2127 8074 4276 384 9544 8809 27 1507 5864 1744 7010 6698 3473 9774 1714 1046 6507 2924 7587 78 8361 9713 2303 4290 1292 9200 9510 7563 9432 3300 6821 7911 7726 1097 8296 3623 6259 8323 5130 2123 6419 8492 5174 6244 8266 6888 7291 1126 9812 1230 1204 8173 944 9860 8815 8588 9060 4677 6151 8493 7978 9324 6404 2056 422 1052 5679 3033 5727 7161 1508 8499 2006 6682 4743 272 3570 2034 7750 3382 3265 5307 7907 561 5167 3075 9149 4227 4104 1652 9072 2082 976 1829 491 7750 9233 6170 783 4961 9684 8644 3460 1690 5326 4555 8314 8897 2942 6065 8631 2559 7724 2891 3120 2891 2318 2269 3470 6422 273 8895 4857 1249 724 5348 5352 9957 7870 2487 1270 7554 1131 1082 9244 6458 5638 7559 1707 8580 9976 6690 7491 7700 9581 611 6943 1899 9232 6765 4674 9505 5660 9531 7106 2736 1231 2458 9046 9101 1298 6668 6656 2429 7751 2252 5239 9741 9811 3298 4673 6139 9989 2164 3839 9570 9127 7134 7822 8359 252 8848 7864 5912
300
8379 1322 5001 9610 133 4047 5063 1431 715 8071 212 4818 324 1804 4559 135 5102 5584 2627 1443 4100 6466 1014 3227 9953 5188 1586 205 4036 5802 2469 8767 3477 7470 4729 3610 1517 9792 1393 8585 7864 1605 3403 4540 9761 4315 1027 1216 9899 3654 2659 4000 6473 25 3579 6426 5213 5166 2983 5601 7320 5452 720 797 2923 5449 759 792 1594 2152 9377 5810 110 2781 350 9871 3448 1377 1087 3347 5032 3747 3699 1505 3772 3631 4283 5338 5149 7266 7291 2469 9070 8012 9619 1993 3461 378 9138 1407 8883 4867 7217 8993 7648 7567 8864 7448 5297 6304 7148 6681 6403 847 8186 175 830 8821 1865 5979 6087 9157 8449 1509 3521 4420 9855 3334 1150 8993 4742 33 3860 1959 9026 7861 5879 4243 5309 1176 547 2457 7857 6950 9657 2395 3477 487 1216 1695 6467 3655 7204 1268 5164 725 2040 5019 4059 3190 364 8801 3224 4225 7113 8602 8438 2992 9197 3747 520 9744 2557 4729 3046 2214 3476 2876 9053 1044 4571 5520 4699 8127 3140 6215 8852 5180 7587 9263 8371 7951 4417 7947 8528 1530 6549 6966 874 5747 714 7746 1843 9623 2475 1242 1837 5951 4118 890 6995 5041 2763 8046 3168 5903 4261 8372 1084 8200 3987 5807 6152 8404 3754 1032 6286 6655 7999 7160 8754 5065 4906 6950 4688 3733 8192 2877 9684 8662 3767 3031 3703 2882 1077 3223 8786 1691 7947 6222 6243 1934 8381 2395 339 8487 9780 6625 1494 7779 138 249 2844 5044 7199 3884 8778 1743 6761 4814 405 6880 4198 460 9763 5275 35 4901 3318 7982 7475 9562 6268 5856 8309 2959 695 8089 5937 2189 2220 6075 2438 1416 7471 5989 5300 2601 4084 8413
300
3768 4489 5294 7966 1301 5057 3241 7688 6310 2912 2022 3785 8826 8291 5993 7135 1250 6688 1577 3539 8877 3797 9614 7668 5214 3438 9 6866 6039 4094 5280 9807 4935 574 7773 6237 1983 7367 277 8293 6631 2300 8430 5457 591 775 8944 8193 3815 521 1733 2692 671 7699 6712 2237 1137 6722 9103 3529 7168 4383 3336 2103 1309 7462 8340 9644 4829 8618 4289 1460 7270 2719 6917 4213 9846 5861 2406 3661 2735 491 2706 3406 4543 9418 5643 5680 2492 1098 5561 9660 1834 8898 1764 3143 6360 6456 9140 7541 1426 3429 9001 5048 2501 2270 9261 2347 4483 8020 6009 3570 4863 5067 6976 9406 837 8971 1439 3330 70 7000 9342 1904 2250 7458 1399 8610 267 539 6151 8045 321 1504 3094 2822 126 2355 1521 962 375 3882 4532 5239 8949 1509 997 9787 6832 2436 9469 3254 5789 8811 5158 8039 2622 2910 3002 9241 9801 5505 7286 122 7010 380 9296 3488 9088 818 4450 5815 4700 8983 7406 3650 6844 8404 9789 28 7192 9258 3283 9333 4421 4793 7373 3395 7703 375 2636 7505 5880 9923 3979 9242 6655 3276 9083 2095 4094 3533 7911 5146 8868 1669 5148 2064 6425 4937 2093 9970 547 5376 9303 4969 169 3028 4716 4225 3403 7353 8082 5636 3628 2061 1230 283 5337 313 2379 5783 3847 6642 930 9067 8311 6078 1132 4737 7368 9577 4707 7915 4953 362 9236 1474 3391 3953 5699 3146 7658 3781 8782 1286 2195 6365 1569 7532 6678 300 9668 6877 6942 598 5945 1606 3028 3429 2695 396 3006 3754 4664 4311 4116 3900 5785 7507 4205 7837 7006 1863 7970 5788 3149 165 2153 1071 7698 5184 1371 3718 2061 4666 4316 4358 2624 3696
300
4139 5319 445 7145 5425 5109 1456 9541 5361 3594 3401 9567 7783 407 7782 5753 2547 7284 5919 1053 8355 9969 2589 6078 3687 1002 7096 4355 5361 9720 8051 9500 1391 8496 2998 6816 9957 806 2710 5319 752 2463 1238 8535 9222 9020 4289 8121 2656 208 5526 1011 177 8115 3442 3864 9118 538 8219 4479 6611 2622 331 4354 1119 9681 7523 7428 488 233 2747 7592 9048 337 6128 4622 5710 417 2743 8366 625 8270 5730 7154 6385 9172 1018 5503 6062 5589 6334 9025 8211 3018 3380 5682 2699 903 3111 9539 7488 2210 7132 6536 2548 3260 1158 8258 29 253 6624 7006 8523 2354 4160 1261 7878 1530 6764 3941 7119 9451 2966 1682 2469 2698 3717 1520 3601 3180 1060 1089 5390 4544 3977 7938 4156 1487 2548 4185 1741 9173 1191 6616 7879 5351 7877 5758 3233 994 6051 6704 445 5369 8386 9266 8068 8455 7138 1669 1635 4550 9111 7026 9094 9440 1316 3250 928 3865 3787 9021 9390 4978 1989 7269 6681 9867 9379 9914 861 1782 6618 7658 7152 1357 6924 1572 9812 414 3241 1448 4965 8704 4826 4059 8145 6142 3662 5425 6359 7449 798 5749 2428 2787 9371 9109 9006 8750 5376 6219 533 1994 3877 4037 9703 7153 5609 5868 7568 5202 3668 2533 3907 8494 2944 8404 988 6606 181 7348 4056 7331 3097 2836 6470 8820 8297 5477 7571 3673 1696 4456 2020 1926 8493 8075 9079 454 3943 2999 5656 7611 5532 5915 2457 4829 671 3446 1435 7204 7146 1843 4535 6595 4679 1006 5416 9329 2835 2987 9354 4531 3795 7726 6457 8640 5802 1889 9094 6097 4888 1102 3709 6773 3370 6166 1602 393 5964 3037 7598 3110 4881 8485 9706 5912 5843 5122
300
1593 8678 4461 948 3210 4608 8674 6019 3248 828 7908 8694 6926 2797 9796 6987 9570 9518 9505 1172 9912 5470 561 3862 4932 1794 2347 990 4059 8191 6112 5652 3221 6925 6600 6431 1533 1627 8803 1133 2455 6711 9827 5733 5860 5976 2720 1782 5494 2226 9306 1758 4048 6220 1972 8980 8014 4320 9971 2073 8863 2435 7726 2084 5713 678 4868 3598 2305 3671 4732 4761 6734 4559 6846 8947 535 9567 7081 2382 8145 6388 492 2193 2608 2465 7525 6974 3137 7496 5400 8352 6284 3126 6788 1997 3804 1656 5595 2462 1679 327 3575 4766 1239 421 3713 8126 9988 794 508 8133 3534 7353 6678 2494 6170 4204 9469 9307 1700 4869 4011 4336 4347 799 6333 4503 2456 8281 6965 487 8608 540 5253 6199 962 8966 4326 7302 6113 1186 1788 5999 8539 8466 8494 1061 2670 4315 368 723 5536 731 5059 9883 1531 7745 738 339 6026 7704 826 986 4596 6080 7186 1910 1398 1512 9213 3863 9050 1001 9863 3942 9467 4709 5003 8490 9024 1724 9213 4560 2455 624 795 3986 8369 1533 677 4395 9237 1504 1734 186 3936 8920 2096 1686 6784 7661 5550 5834 5014 1765 6128 834 6474 1132 9324 1850 2856 4889 6410 1663 5513 3557 2002 3883 5090 2679 4630 680 535 6364 866 4471 5284 9314 2510 8420 6976 8060 607 1990 6177 6735 2824 9003 7867 8500 853 7075 3389 3615 8739 8903 7172 741 2786 8614 9772 7416 9294 308 3781 6512 4779 5417 2179 7289 3838 9155 1701 4445 7497 4230 1180 6674 3233 5400 5174 438 2475 4916 4053 7566 3819 7577 4659 2957 6192 4432 6725 1838 4740 6858 8351 5871 2276 530 9513 2466 6037 7566 3263 9886 8149 795
300
6560 1382 2547 8087 8173 5023 3003 8578 8941 3174 6156 3601 6131 8700 4385 9208 538 5477 6067 5241 1348 4695 2123 7213 3513 4512 1132 3128 4399 9281 3923 7311 7015 6471 1750 5188 7846 1105 3767 3139 4279 6275 6740 6762 4975 7477 5971 1865 2954 8390 3459 4303 9437 1934 7868 2950 6447 9000 6078 7198 8281 6353 861 5297 9176 2612 485 3374 3717 604 6514 4349 6879 9606 7463 8206 7084 3434 6424 38 8176 6235 693 7613 8169 8562 6915 968 7562 9345 8166 5844 5699 5380 7493 1227 4344 7978 4602 4413 4935 1116 8762 8166 7074 6226 2725 4158 6012 5501 4197 541 1736 4890 8154 6257 9804 1422 7226 7367 767 1744 9563 2818 3476 7056 4046 7820 1386 5000 2234 2673 2468 996 840 9542 3574 3565 3701 5939 5418 4250 6480 7154 5492 986 3411 5297 2408 6989 9016 9528 5086 4931 2346 8562 1987 2744 6383 9725 7744 8617 2399 212 5965 9591 6107 9540 3156 6160 1831 4926 410 8311 2080 2254 5649 1843 7551 8058 5185 2919 3938 271 7850 6284 8833 6189 5381 1568 5915 9477 6537 4666 6042 2503 4257 2149 8395 3765 8309 226 8691 5071 4889 7123 7325 538 8966 1229 4948 503 4148 8886 774 8351 1523 5960 4540 6904 3880 6807 6381 418 7825 8775 2921 2082 924 7668 2199 5585 7894 890 656 9135 4365 7982 9673 9684 5563 4622 187 9711 9860 7314 4414 1383 9626 8955 4639 3506 2114 7373 3924 9940 6148 3197 8374 7073 865 574 9010 5111 7816 9667 4246 2182 4001 272 8218 9564 4894 8405 5627 1106 5719 42 2490 5345 5349 3481 5204 7463 854 9128 3755 7003 2326 2130 428 9543 9056 9438 4655 3224 5457 8901 5406 9458
300
9173 9976 5374 419 8382 7354 7878 453 7396 368 2151 9097 3849 7355 2912 1056 2835 6668 8059 1513 5150 4839 1057 4206 629 2064 7430 6087 7317 9189 1897 2843 9165 3624 9614 3899 978 7492 705 4726 7860 2856 3823 8062 6563 6735 9118 9398 9755 3529 7264 4905 4720 8321 5463 5349 6737 9246 7788 4054 4787 9686 6897 304 9662 6512 4204 640 4004 4909 5366 8217 4117 5541 2631 680 8628 8101 6430 8384 7982 3694 9641 2702 8367 5105 8051 1456 703 2192 5511 5490 1878 8760 5794 7892 5272 9998 8532 5629 1259 250 198 1728 5791 9181 8760 771 7282 1543 9155 5264 1589 8797 4318 6309 254 8721 7765 957 913 3276 6447 9143 8389 8593 7035 13 4944 5567 5642 2555 2169 2192 4284 4312 1373 9396 5084 8655 939 591 271 2529 9388 941 8838 5994 9663 6603 3303 576 6232 6102 9720 4621 4696 6755 4634 9640 8675 6629 8547 7196 8821 2831 1509 6547 2228 6593 1554 9519 7184 8178 8400 2925 9119 7238 5271 8782 194 8575 5711 2778 1029 1783 3751 5725 4890 8385 1717 9917 1366 265 7114 6540 9448 8623 3087 8028 1568 993 7548 5104 9171 5948 8029 8291 9539 9653 3425 6085 4580 5488 8863 5609 3623 2614 7687 8514 7351 9404 8431 5070 6021 1897 1610 1822 520 1049 9850 8440 2042 3750 3545 7566 6051 7926 2209 5590 7579 1986 8027 2159 7475 3242 4121 7450 5856 1808 5964 9559 7564 748 4629 3586 2645 2591 5408 9518 3640 1610 4310 2035 5361 7855 9601 1412 5782 1810 3354 9713 3796 1381 8225 7623 975 2346 5074 6831 506 7390 2742 8070 4490 7372 1656 3488 6315 3416 3006 9956 5027 7316 8343 6740 1524 7944 4504 3658
300
6106 7858 9723 6254 5591 7948 230 6566 6646 5304 9749 3504 9046 2491 1575 3537 6215 9583 7025 2531 9352 6383 8839 731 51 7182 7471 1575 1478 1975 1585 3936 6185 1309 190 8128 5609 420 4694 8608 2076 795 2112 7475 9638 3687 1012 2206 9623 4389 4737 8975 7124 9928 9706 7175 3462 3529 5103 4940 5504 3040 8876 8041 4349 5418 6169 9959 2191 7215 4919 4267 8010 7031 8094 4000 7071 5458 6206 3046 9847 7295 2021 3323 7223 8079 6851 685 1608 1954 1977 3464 4994 7205 1505 5696 2624 7674 2007 4815 1241 6926 5434 9251 309 3529 9603 7380 8987 5810 6778 5187 9457 8799 4862 3033 3230 1713 70 4838 3667 2048 4654 5014 9253 6159 7062 1877 185 9069 3044 1426 2347 8479 7029 2656 8360 6633 6389 3699 8795 3167 8886 4604 8319 3749 7637 1549 1814 7708 2740 1834 6108 7394 6848 5361 9906 262 3591 6443 5683 6635 7870 8030 1466 1251 7038 9826 4236 9779 3526 9383 9299 8764 3988 7618 8865 1625 5519 680 5685 4611 2514 1793 8358 5714 3507 8264 5976 7098 1059 8011 85 8929 6041 7904 6533 9431 4082 769 9211 3960 153 4862 2725 493 8832 7942 8470 703 4974 4156 5315 7488 5949 3673 9554 5808 8289 1882 2906 5700 9893 9344 4630 2286 3600 7515 1718 7682 8284 7281 1643 4789 2143 720 5282 7327 5014 3753 8030 9989 7909 3345 3829 210 3370 3384 6019 8011 1618 5277 3712 1512 973 4694 150 4573 2209 1868 8608 493 5501 6603 1635 3996 7323 6917 1323 2337 7022 9354 2326 1283 2699 6156 7846 2422 5892 3865 433 3862 5494 497 5374 2820 5191 1877 3745 3752 3745 2353 598 5599 8956 2233 9595 2631 5502 919
