3855
26
27
676
677
17576
17577
456976
456977
1
28
81
160
265
396
553
736
945
1180
1441
1728
2041
2380
2745
3136
3553
3996
4465
4960
5481
6028
6601
7200
7825
8476
9153
9856
10585
11340
12121
12928
13761
14620
15505
16416
17353
18316
19305
20320
21361
22428
23521
24640
25785
26956
28153
29376
30625
31900
33201
34528
35881
37260
38665
40096
41553
43036
44545
46080
47641
49228
50841
52480
54145
55836
57553
59296
61065
62860
64681
66528
68401
70300
72225
74176
76153
78156
80185
82240
84321
86428
88561
90720
92905
95116
97353
99616
101905
104220
106561
108928
111321
113740
116185
118656
121153
123676
126225
128800
131401
134028
136681
139360
142065
144796
147553
150336
153145
155980
158841
161728
164641
167580
170545
173536
176553
179596
182665
185760
188881
192028
195201
198400
201625
204876
208153
211456
214785
218140
221521
224928
228361
231820
235305
238816
242353
245916
249505
253120
256761
260428
264121
267840
271585
275356
279153
282976
286825
290700
294601
298528
302481
306460
310465
314496
318553
322636
326745
330880
335041
339228
343441
347680
351945
356236
360553
364896
369265
373660
378081
382528
387001
391500
396025
400576
405153
409756
414385
419040
423721
428428
433161
437920
442705
447516
452353
457216
462105
467020
471961
476928
481921
486940
491985
497056
502153
507276
512425
517600
522801
528028
533281
538560
543865
549196
554553
559936
565345
570780
576241
581728
587241
592780
598345
603936
609553
615196
620865
626560
632281
638028
643801
649600
655425
661276
667153
673056
678985
684940
690921
696928
702961
709020
715105
721216
727353
733516
739705
745920
752161
758428
764721
771040
777385
783756
790153
796576
803025
809500
816001
822528
829081
835660
842265
848896
855553
862236
868945
875680
882441
889228
896041
902880
909745
916636
923553
930496
937465
944460
951481
958528
965601
972700
979825
986976
994153
1001356
1008585
1015840
1023121
1030428
1037761
1045120
1052505
1059916
1067353
1074816
1082305
1089820
1097361
1104928
1112521
1120140
1127785
1135456
1143153
1150876
1158625
1166400
1174201
1182028
1189881
1197760
1205665
1213596
1221553
1229536
1237545
1245580
1253641
1261728
1269841
1277980
1286145
1294336
1302553
1310796
1319065
1327360
1335681
1344028
1352401
1360800
1369225
1377676
1386153
1394656
1403185
1411740
1420321
1428928
1437561
1446220
1454905
1463616
1472353
1481116
1489905
1498720
1507561
1516428
1525321
1534240
1543185
1552156
1561153
1570176
1579225
1588300
1597401
1606528
1615681
1624860
1634065
1643296
1652553
1661836
1671145
1680480
1689841
1699228
1708641
1718080
1727545
1737036
1746553
1756096
1765665
1775260
1784881
1794528
1804201
1813900
1823625
1833376
1843153
1852956
1862785
1872640
1882521
1892428
1902361
1912320
1922305
1932316
1942353
1952416
1962505
1972620
1982761
1992928
2003121
2013340
2023585
2033856
2044153
2054476
2064825
2075200
2085601
2096028
2106481
2116960
2127465
2137996
2148553
2159136
2169745
2180380
2191041
2201728
2212441
2223180
2233945
2244736
2255553
2266396
2277265
2288160
2299081
2310028
2321001
2332000
2343025
2354076
2365153
2376256
2387385
2398540
2409721
2420928
2432161
2443420
2454705
2466016
2477353
2488716
2500105
2511520
2522961
2534428
2545921
2557440
2568985
2580556
2592153
2603776
2615425
2627100
2638801
2650528
2662281
2674060
2685865
2697696
2709553
2721436
2733345
2745280
2757241
2769228
2781241
2793280
2805345
2817436
2829553
2841696
2853865
2866060
2878281
2890528
2902801
2915100
2927425
2939776
2952153
2964556
2976985
2989440
3001921
3014428
3026961
3039520
3052105
3064716
3077353
3090016
3102705
3115420
3128161
3140928
3153721
3166540
3179385
3192256
3205153
3218076
3231025
3244000
3257001
3270028
3283081
3296160
3309265
3322396
3335553
3348736
3361945
3375180
3388441
3401728
3415041
3428380
3441745
3455136
3468553
3481996
3495465
3508960
3522481
3536028
3549601
3563200
3576825
3590476
3604153
3617856
3631585
3645340
3659121
3672928
3686761
3700620
3714505
3728416
3742353
3756316
3770305
3784320
3798361
3812428
3826521
3840640
3854785
3868956
3883153
3897376
3911625
3925900
3940201
3954528
3968881
3983260
3997665
4012096
4026553
4041036
4055545
4070080
4084641
4099228
4113841
4128480
4143145
4157836
4172553
4187296
4202065
4216860
4231681
4246528
4261401
4276300
4291225
4306176
4321153
4336156
4351185
4366240
4381321
4396428
4411561
4426720
4441905
4457116
4472353
4487616
4502905
4518220
4533561
4548928
4564321
4579740
4595185
4610656
4626153
4641676
4657225
4672800
4688401
4704028
4719681
4735360
4751065
4766796
4782553
4798336
4814145
4829980
4845841
4861728
4877641
4893580
4909545
4925536
4941553
4957596
4973665
4989760
5005881
5022028
5038201
5054400
5070625
5086876
5103153
5119456
5135785
5152140
5168521
5184928
5201361
5217820
5234305
5250816
5267353
5283916
5300505
5317120
5333761
5350428
5367121
5383840
5400585
5417356
5434153
5450976
5467825
5484700
5501601
5518528
5535481
5552460
5569465
5586496
5603553
5620636
5637745
5654880
5672041
5689228
5706441
5723680
5740945
5758236
5775553
5792896
5810265
5827660
5845081
5862528
5880001
5897500
5915025
5932576
5950153
5967756
5985385
6003040
6020721
6038428
6056161
6073920
6091705
6109516
6127353
6145216
6163105
6181020
6198961
6216928
6234921
6252940
6270985
6289056
6307153
6325276
6343425
6361600
6379801
6398028
6416281
6434560
6452865
6471196
6489553
6507936
6526345
6544780
6563241
6581728
6600241
6618780
6637345
6655936
6674553
6693196
6711865
6730560
6749281
6768028
6786801
6805600
6824425
6843276
6862153
6881056
6899985
6918940
6937921
6956928
6975961
6995020
7014105
7033216
7052353
7071516
7090705
7109920
7129161
7148428
7167721
7187040
7206385
7225756
7245153
7264576
7284025
7303500
7323001
7342528
7362081
7381660
7401265
7420896
7440553
7460236
7479945
7499680
7519441
7539228
7559041
7578880
7598745
7618636
7638553
7658496
7678465
7698460
7718481
7738528
7758601
7778700
7798825
7818976
7839153
7859356
7879585
7899840
7920121
7940428
7960761
7981120
8001505
8021916
8042353
8062816
8083305
8103820
8124361
8144928
8165521
8186140
8206785
8227456
8248153
8268876
8289625
8310400
8331201
8352028
8372881
8393760
8414665
8435596
8456553
8477536
8498545
8519580
8540641
8561728
8582841
8603980
8625145
8646336
8667553
8688796
8710065
8731360
8752681
8774028
8795401
8816800
8838225
8859676
8881153
8902656
8924185
8945740
8967321
8988928
9010561
9032220
9053905
9075616
9097353
9119116
9140905
9162720
9184561
9206428
9228321
9250240
9272185
9294156
9316153
9338176
9360225
9382300
9404401
9426528
9448681
9470860
9493065
9515296
9537553
9559836
9582145
9604480
9626841
9649228
9671641
9694080
9716545
9739036
9761553
9784096
9806665
9829260
9851881
9874528
9897201
9919900
9942625
9965376
9988153
10010956
10033785
10056640
10079521
10102428
10125361
10148320
10171305
10194316
10217353
10240416
10263505
10286620
10309761
10332928
10356121
10379340
10402585
10425856
10449153
10472476
10495825
10519200
10542601
10566028
10589481
10612960
10636465
10659996
10683553
10707136
10730745
10754380
10778041
10801728
10825441
10849180
10872945
10896736
10920553
10944396
10968265
10992160
11016081
11040028
11064001
11088000
11112025
11136076
11160153
11184256
11208385
11232540
11256721
11280928
11305161
11329420
11353705
11378016
11402353
11426716
11451105
11475520
11499961
11524428
11548921
11573440
11597985
11622556
11647153
11671776
11696425
11721100
11745801
11770528
11795281
11820060
11844865
11869696
11894553
11919436
11944345
11969280
11994241
12019228
12044241
12069280
12094345
12119436
12144553
12169696
12194865
12220060
12245281
12270528
12295801
12321100
12346425
12371776
12397153
12422556
12447985
12473440
12498921
12524428
12549961
12575520
12601105
12626716
12652353
12678016
12703705
12729420
12755161
12780928
12806721
12832540
12858385
12884256
12910153
12936076
12962025
12988000
13014001
13040028
13066081
13092160
13118265
13144396
13170553
13196736
13222945
13249180
13275441
13301728
13328041
13354380
13380745
13407136
13433553
13459996
13486465
13512960
13539481
13566028
13592601
13619200
13645825
13672476
13699153
13725856
13752585
13779340
13806121
13832928
13859761
13886620
13913505
13940416
13967353
13994316
14021305
14048320
14075361
14102428
14129521
14156640
14183785
14210956
14238153
14265376
14292625
14319900
14347201
14374528
14401881
14429260
14456665
14484096
14511553
14539036
14566545
14594080
14621641
14649228
14676841
14704480
14732145
14759836
14787553
14815296
14843065
14870860
14898681
14926528
14954401
14982300
15010225
15038176
15066153
15094156
15122185
15150240
15178321
15206428
15234561
15262720
15290905
15319116
15347353
15375616
15403905
15432220
15460561
15488928
15517321
15545740
15574185
15602656
15631153
15659676
15688225
15716800
15745401
15774028
15802681
15831360
15860065
15888796
15917553
15946336
15975145
16003980
16032841
16061728
16090641
16119580
16148545
16177536
16206553
16235596
16264665
16293760
16322881
16352028
16381201
16410400
16439625
16468876
16498153
16527456
16556785
16586140
16615521
16644928
16674361
16703820
16733305
16762816
16792353
16821916
16851505
16881120
16910761
16940428
16970121
16999840
17029585
17059356
17089153
17118976
17148825
17178700
17208601
17238528
17268481
17298460
17328465
17358496
17388553
17418636
17448745
17478880
17509041
17539228
17569441
17599680
17629945
17660236
17690553
17720896
17751265
17781660
17812081
17842528
17873001
17903500
17934025
17964576
17995153
18025756
18056385
18087040
18117721
18148428
18179161
18209920
18240705
18271516
18302353
18333216
18364105
18395020
18425961
18456928
18487921
18518940
18549985
18581056
18612153
18643276
18674425
18705600
18736801
18768028
18799281
18830560
18861865
18893196
18924553
18955936
18987345
19018780
19050241
19081728
19113241
19144780
19176345
19207936
19239553
19271196
19302865
19334560
19366281
19398028
19429801
19461600
19493425
19525276
19557153
19589056
19620985
19652940
19684921
19716928
19748961
19781020
19813105
19845216
19877353
19909516
19941705
19973920
20006161
20038428
20070721
20103040
20135385
20167756
20200153
20232576
20265025
20297500
20330001
20362528
20395081
20427660
20460265
20492896
20525553
20558236
20590945
20623680
20656441
20689228
20722041
20754880
20787745
20820636
20853553
20886496
20919465
20952460
20985481
21018528
21051601
21084700
21117825
21150976
21184153
21217356
21250585
21283840
21317121
21350428
21383761
21417120
21450505
21483916
21517353
21550816
21584305
21617820
21651361
21684928
21718521
21752140
21785785
21819456
21853153
21886876
21920625
21954400
21988201
22022028
22055881
22089760
22123665
22157596
22191553
22225536
22259545
22293580
22327641
22361728
22395841
22429980
22464145
22498336
22532553
22566796
22601065
22635360
22669681
22704028
22738401
22772800
22807225
22841676
22876153
22910656
22945185
22979740
23014321
23048928
23083561
23118220
23152905
23187616
23222353
23257116
23291905
23326720
23361561
23396428
23431321
23466240
23501185
23536156
23571153
23606176
23641225
23676300
23711401
23746528
23781681
23816860
23852065
23887296
23922553
23957836
23993145
24028480
24063841
24099228
24134641
24170080
24205545
24241036
24276553
24312096
24347665
24383260
24418881
24454528
24490201
24525900
24561625
24597376
24633153
24668956
24704785
24740640
24776521
24812428
24848361
24884320
24920305
24956316
24992353
25028416
25064505
25100620
25136761
25172928
25209121
25245340
25281585
25317856
25354153
25390476
25426825
25463200
25499601
25536028
25572481
25608960
25645465
25681996
25718553
25755136
25791745
25828380
25865041
25901728
25938441
25975180
26011945
26048736
26085553
26122396
26159265
26196160
26233081
26270028
26307001
26344000
26381025
26418076
26455153
26492256
26529385
26566540
26603721
26640928
26678161
26715420
26752705
26790016
26827353
26864716
26902105
26939520
26976961
27014428
27051921
27089440
27126985
27164556
27202153
27239776
27277425
27315100
27352801
27390528
27428281
27466060
27503865
27541696
27579553
27617436
27655345
27693280
27731241
27769228
27807241
27845280
27883345
27921436
27959553
27997696
28035865
28074060
28112281
28150528
28188801
28227100
28265425
28303776
28342153
28380556
28418985
28457440
28495921
28534428
28572961
28611520
28650105
28688716
28727353
28766016
28804705
28843420
28882161
28920928
28959721
28998540
29037385
29076256
29115153
29154076
29193025
29232000
29271001
29310028
29349081
29388160
29427265
29466396
29505553
29544736
29583945
29623180
29662441
29701728
29741041
29780380
29819745
29859136
29898553
29937996
29977465
30016960
30056481
30096028
30135601
30175200
30214825
30254476
30294153
30333856
30373585
30413340
30453121
30492928
30532761
30572620
30612505
30652416
30692353
30732316
30772305
30812320
30852361
30892428
30932521
30972640
31012785
31052956
31093153
31133376
31173625
31213900
31254201
31294528
31334881
31375260
31415665
31456096
31496553
31537036
31577545
31618080
31658641
31699228
31739841
31780480
31821145
31861836
31902553
31943296
31984065
32024860
32065681
32106528
32147401
32188300
32229225
32270176
32311153
32352156
32393185
32434240
32475321
32516428
32557561
32598720
32639905
32681116
32722353
32763616
32804905
32846220
32887561
32928928
32970321
33011740
33053185
33094656
33136153
33177676
33219225
33260800
33302401
33344028
33385681
33427360
33469065
33510796
33552553
33594336
33636145
33677980
33719841
33761728
33803641
33845580
33887545
33929536
33971553
34013596
34055665
34097760
34139881
34182028
34224201
34266400
34308625
34350876
34393153
34435456
34477785
34520140
34562521
34604928
34647361
34689820
34732305
34774816
34817353
34859916
34902505
34945120
34987761
35030428
35073121
35115840
35158585
35201356
35244153
35286976
35329825
35372700
35415601
35458528
35501481
35544460
35587465
35630496
35673553
35716636
35759745
35802880
35846041
35889228
35932441
35975680
36018945
36062236
36105553
36148896
36192265
36235660
36279081
36322528
36366001
36409500
36453025
36496576
36540153
36583756
36627385
36671040
36714721
36758428
36802161
36845920
36889705
36933516
36977353
37021216
37065105
37109020
37152961
37196928
37240921
37284940
37328985
37373056
37417153
37461276
37505425
37549600
37593801
37638028
37682281
37726560
37770865
37815196
37859553
37903936
37948345
37992780
38037241
38081728
38126241
38170780
38215345
38259936
38304553
38349196
38393865
38438560
38483281
38528028
38572801
38617600
38662425
38707276
38752153
38797056
38841985
38886940
38931921
38976928
39021961
39067020
39112105
39157216
39202353
39247516
39292705
39337920
39383161
39428428
39473721
39519040
39564385
39609756
39655153
39700576
39746025
39791500
39837001
39882528
39928081
39973660
40019265
40064896
40110553
40156236
40201945
40247680
40293441
40339228
40385041
40430880
40476745
40522636
40568553
40614496
40660465
40706460
40752481
40798528
40844601
40890700
40936825
40982976
41029153
41075356
41121585
41167840
41214121
41260428
41306761
41353120
41399505
41445916
41492353
41538816
41585305
41631820
41678361
41724928
41771521
41818140
41864785
41911456
41958153
42004876
42051625
42098400
42145201
42192028
42238881
42285760
42332665
42379596
42426553
42473536
42520545
42567580
42614641
42661728
42708841
42755980
42803145
42850336
42897553
42944796
42992065
43039360
43086681
43134028
43181401
43228800
43276225
43323676
43371153
43418656
43466185
43513740
43561321
43608928
43656561
43704220
43751905
43799616
43847353
43895116
43942905
43990720
44038561
44086428
44134321
44182240
44230185
44278156
44326153
44374176
44422225
44470300
44518401
44566528
44614681
44662860
44711065
44759296
44807553
44855836
44904145
44952480
45000841
45049228
45097641
45146080
45194545
45243036
45291553
45340096
45388665
45437260
45485881
45534528
45583201
45631900
45680625
45729376
45778153
45826956
45875785
45924640
45973521
46022428
46071361
46120320
46169305
46218316
46267353
46316416
46365505
46414620
46463761
46512928
46562121
46611340
46660585
46709856
46759153
46808476
46857825
46907200
46956601
47006028
47055481
47104960
47154465
47203996
47253553
47303136
47352745
47402380
47452041
47501728
47551441
47601180
47650945
47700736
47750553
47800396
47850265
47900160
47950081
48000028
48050001
48100000
48150025
48200076
48250153
48300256
48350385
48400540
48450721
48500928
48551161
48601420
48651705
48702016
48752353
48802716
48853105
48903520
48953961
49004428
49054921
49105440
49155985
49206556
49257153
49307776
49358425
49409100
49459801
49510528
49561281
49612060
49662865
49713696
49764553
49815436
49866345
49917280
49968241
50019228
50070241
50121280
50172345
50223436
50274553
50325696
50376865
50428060
50479281
50530528
50581801
50633100
50684425
50735776
50787153
50838556
50889985
50941440
50992921
51044428
51095961
51147520
51199105
51250716
51302353
51354016
51405705
51457420
51509161
51560928
51612721
51664540
51716385
51768256
51820153
51872076
51924025
51976000
52028001
52080028
52132081
52184160
52236265
52288396
52340553
52392736
52444945
52497180
52549441
52601728
52654041
52706380
52758745
52811136
52863553
52915996
52968465
53020960
53073481
53126028
53178601
53231200
53283825
53336476
53389153
53441856
53494585
53547340
53600121
53652928
53705761
53758620
53811505
53864416
53917353
53970316
54023305
54076320
54129361
54182428
54235521
54288640
54341785
54394956
54448153
54501376
54554625
54607900
54661201
54714528
54767881
54821260
54874665
54928096
54981553
55035036
55088545
55142080
55195641
55249228
55302841
55356480
55410145
55463836
55517553
55571296
55625065
55678860
55732681
55786528
55840401
55894300
55948225
56002176
56056153
56110156
56164185
56218240
56272321
56326428
56380561
56434720
56488905
56543116
56597353
56651616
56705905
56760220
56814561
56868928
56923321
56977740
57032185
57086656
57141153
57195676
57250225
57304800
57359401
57414028
57468681
57523360
57578065
57632796
57687553
57742336
57797145
57851980
57906841
57961728
58016641
58071580
58126545
58181536
58236553
58291596
58346665
58401760
58456881
58512028
58567201
58622400
58677625
58732876
58788153
58843456
58898785
58954140
59009521
59064928
59120361
59175820
59231305
59286816
59342353
59397916
59453505
59509120
59564761
59620428
59676121
59731840
59787585
59843356
59899153
59954976
60010825
60066700
60122601
60178528
60234481
60290460
60346465
60402496
60458553
60514636
60570745
60626880
60683041
60739228
60795441
60851680
60907945
60964236
61020553
61076896
61133265
61189660
61246081
61302528
61359001
61415500
61472025
61528576
61585153
61641756
61698385
61755040
61811721
61868428
61925161
61981920
62038705
62095516
62152353
62209216
62266105
62323020
62379961
62436928
62493921
62550940
62607985
62665056
62722153
62779276
62836425
62893600
62950801
63008028
63065281
63122560
63179865
63237196
63294553
63351936
63409345
63466780
63524241
63581728
63639241
63696780
63754345
63811936
63869553
63927196
63984865
64042560
64100281
64158028
64215801
64273600
64331425
64389276
64447153
64505056
64562985
64620940
64678921
64736928
64794961
64853020
64911105
64969216
65027353
65085516
65143705
65201920
65260161
65318428
65376721
65435040
65493385
65551756
65610153
65668576
65727025
65785500
65844001
65902528
65961081
66019660
66078265
66136896
66195553
66254236
66312945
66371680
66430441
66489228
66548041
66606880
66665745
66724636
66783553
66842496
66901465
66960460
67019481
67078528
67137601
67196700
67255825
67314976
67374153
67433356
67492585
67551840
67611121
67670428
67729761
67789120
67848505
67907916
67967353
68026816
68086305
68145820
68205361
68264928
68324521
68384140
68443785
68503456
68563153
68622876
68682625
68742400
68802201
68862028
68921881
68981760
69041665
69101596
69161553
69221536
69281545
69341580
69401641
69461728
69521841
69581980
69642145
69702336
69762553
69822796
69883065
69943360
70003681
70064028
70124401
70184800
70245225
70305676
70366153
70426656
70487185
70547740
70608321
70668928
70729561
70790220
70850905
70911616
70972353
71033116
71093905
71154720
71215561
71276428
71337321
71398240
71459185
71520156
71581153
71642176
71703225
71764300
71825401
71886528
71947681
72008860
72070065
72131296
72192553
72253836
72315145
72376480
72437841
72499228
72560641
72622080
72683545
72745036
72806553
72868096
72929665
72991260
73052881
73114528
73176201
73237900
73299625
73361376
73423153
73484956
73546785
73608640
73670521
73732428
73794361
73856320
73918305
73980316
74042353
74104416
74166505
74228620
74290761
74352928
74415121
74477340
74539585
74601856
74664153
74726476
74788825
74851200
74913601
74976028
75038481
75100960
75163465
75225996
75288553
75351136
75413745
75476380
75539041
75601728
75664441
75727180
75789945
75852736
75915553
75978396
76041265
76104160
76167081
76230028
76293001
76356000
76419025
76482076
76545153
76608256
76671385
76734540
76797721
76860928
76924161
76987420
77050705
77114016
77177353
77240716
77304105
77367520
77430961
77494428
77557921
77621440
77684985
77748556
77812153
77875776
77939425
78003100
78066801
78130528
78194281
78258060
78321865
78385696
78449553
78513436
78577345
78641280
78705241
78769228
78833241
78897280
78961345
79025436
79089553
79153696
79217865
79282060
79346281
79410528
79474801
79539100
79603425
79667776
79732153
79796556
79860985
79925440
79989921
80054428
80118961
80183520
80248105
80312716
80377353
80442016
80506705
80571420
80636161
80700928
80765721
80830540
80895385
80960256
81025153
81090076
81155025
81220000
81285001
81350028
81415081
81480160
81545265
81610396
81675553
81740736
81805945
81871180
81936441
82001728
82067041
82132380
82197745
82263136
82328553
82393996
82459465
82524960
82590481
82656028
82721601
82787200
82852825
82918476
82984153
83049856
83115585
83181340
83247121
83312928
83378761
83444620
83510505
83576416
83642353
83708316
83774305
83840320
83906361
83972428
84038521
84104640
84170785
84236956
84303153
84369376
84435625
84501900
84568201
84634528
84700881
84767260
84833665
84900096
84966553
85033036
85099545
85166080
85232641
85299228
85365841
85432480
85499145
85565836
85632553
85699296
85766065
85832860
85899681
85966528
86033401
86100300
86167225
86234176
86301153
86368156
86435185
86502240
86569321
86636428
86703561
86770720
86837905
86905116
86972353
87039616
87106905
87174220
87241561
87308928
87376321
87443740
87511185
87578656
87646153
87713676
87781225
87848800
87916401
87984028
88051681
88119360
88187065
88254796
88322553
88390336
88458145
88525980
88593841
88661728
88729641
88797580
88865545
88933536
89001553
89069596
89137665
89205760
89273881
89342028
89410201
89478400
89546625
89614876
89683153
89751456
89819785
89888140
89956521
90024928
90093361
90161820
90230305
90298816
90367353
90435916
90504505
90573120
90641761
90710428
90779121
90847840
90916585
90985356
91054153
91122976
91191825
91260700
91329601
91398528
91467481
91536460
91605465
91674496
91743553
91812636
91881745
91950880
92020041
92089228
92158441
92227680
92296945
92366236
92435553
92504896
92574265
92643660
92713081
92782528
92852001
92921500
92991025
93060576
93130153
93199756
93269385
93339040
93408721
93478428
93548161
93617920
93687705
93757516
93827353
93897216
93967105
94037020
94106961
94176928
94246921
94316940
94386985
94457056
94527153
94597276
94667425
94737600
94807801
94878028
94948281
95018560
95088865
95159196
95229553
95299936
95370345
95440780
95511241
95581728
95652241
95722780
95793345
95863936
95934553
96005196
96075865
96146560
96217281
96288028
96358801
96429600
96500425
96571276
96642153
96713056
96783985
96854940
96925921
96996928
97067961
97139020
97210105
97281216
97352353
97423516
97494705
97565920
97637161
97708428
97779721
97851040
97922385
97993756
98065153
98136576
98208025
98279500
98351001
98422528
98494081
98565660
98637265
98708896
98780553
98852236
98923945
98995680
99067441
99139228
99211041
99282880
99354745
99426636
99498553
99570496
99642465
99714460
99786481
99858528
99930601
100002700
100074825
100146976
100219153
100291356
100363585
100435840
100508121
100580428
100652761
100725120
100797505
100869916
100942353
101014816
101087305
101159820
101232361
101304928
101377521
101450140
101522785
101595456
101668153
101740876
101813625
101886400
101959201
102032028
102104881
102177760
102250665
102323596
102396553
102469536
102542545
102615580
102688641
102761728
102834841
102907980
102981145
103054336
103127553
103200796
103274065
103347360
103420681
103494028
103567401
103640800
103714225
103787676
103861153
103934656
104008185
104081740
104155321
104228928
104302561
104376220
104449905
104523616
104597353
104671116
104744905
104818720
104892561
104966428
105040321
105114240
105188185
105262156
105336153
105410176
105484225
105558300
105632401
105706528
105780681
105854860
105929065
106003296
106077553
106151836
106226145
106300480
106374841
106449228
106523641
106598080
106672545
106747036
106821553
106896096
106970665
107045260
107119881
107194528
107269201
107343900
107418625
107493376
107568153
107642956
107717785
107792640
107867521
107942428
108017361
108092320
108167305
108242316
108317353
108392416
108467505
108542620
108617761
108692928
108768121
108843340
108918585
108993856
109069153
109144476
109219825
109295200
109370601
109446028
109521481
109596960
109672465
109747996
109823553
109899136
109974745
110050380
110126041
110201728
110277441
110353180
110428945
110504736
110580553
110656396
110732265
110808160
110884081
110960028
111036001
111112000
111188025
111264076
111340153
111416256
111492385
111568540
111644721
111720928
111797161
111873420
111949705
112026016
112102353
112178716
112255105
112331520
112407961
112484428
112560921
112637440
112713985
112790556
112867153
112943776
113020425
113097100
113173801
113250528
113327281
113404060
113480865
113557696
113634553
113711436
113788345
113865280
113942241
114019228
114096241
114173280
114250345
114327436
114404553
114481696
114558865
114636060
114713281
114790528
114867801
114945100
115022425
115099776
115177153
115254556
115331985
115409440
115486921
115564428
115641961
115719520
115797105
115874716
115952353
116030016
116107705
116185420
116263161
116340928
116418721
116496540
116574385
116652256
116730153
116808076
116886025
116964000
117042001
117120028
117198081
117276160
117354265
117432396
117510553
117588736
117666945
117745180
117823441
117901728
117980041
118058380
118136745
118215136
118293553
118371996
118450465
118528960
118607481
118686028
118764601
118843200
118921825
119000476
119079153
119157856
119236585
119315340
119394121
119472928
119551761
119630620
119709505
119788416
119867353
119946316
120025305
120104320
120183361
120262428
120341521
120420640
120499785
120578956
120658153
120737376
120816625
120895900
120975201
121054528
121133881
121213260
121292665
121372096
121451553
121531036
121610545
121690080
121769641
121849228
121928841
122008480
122088145
122167836
122247553
122327296
122407065
122486860
122566681
122646528
122726401
122806300
122886225
122966176
123046153
123126156
123206185
123286240
123366321
123446428
123526561
123606720
123686905
123767116
123847353
123927616
124007905
124088220
124168561
124248928
124329321
124409740
124490185
124570656
124651153
124731676
124812225
124892800
124973401
125054028
125134681
125215360
125296065
125376796
125457553
125538336
125619145
125699980
125780841
125861728
125942641
126023580
126104545
126185536
126266553
126347596
126428665
126509760
126590881
126672028
126753201
126834400
126915625
126996876
127078153
127159456
127240785
127322140
127403521
127484928
127566361
127647820
127729305
127810816
127892353
127973916
128055505
128137120
128218761
128300428
128382121
128463840
128545585
128627356
128709153
128790976
128872825
128954700
129036601
129118528
129200481
129282460
129364465
129446496
129528553
129610636
129692745
129774880
129857041
129939228
130021441
130103680
130185945
130268236
130350553
130432896
130515265
130597660
130680081
130762528
130845001
130927500
131010025
131092576
131175153
131257756
131340385
131423040
131505721
131588428
131671161
131753920
131836705
131919516
132002353
132085216
132168105
132251020
132333961
132416928
132499921
132582940
132665985
132749056
132832153
132915276
132998425
133081600
133164801
133248028
133331281
133414560
133497865
133581196
133664553
133747936
133831345
133914780
133998241
134081728
134165241
134248780
134332345
134415936
134499553
134583196
134666865
134750560
134834281
134918028
135001801
135085600
135169425
135253276
135337153
135421056
135504985
135588940
135672921
135756928
135840961
135925020
136009105
136093216
136177353
136261516
136345705
136429920
136514161
136598428
136682721
136767040
136851385
136935756
137020153
137104576
137189025
137273500
137358001
137442528
137527081
137611660
137696265
137780896
137865553
137950236
138034945
138119680
138204441
138289228
138374041
138458880
138543745
138628636
138713553
138798496
138883465
138968460
139053481
139138528
139223601
139308700
139393825
139478976
139564153
139649356
139734585
139819840
139905121
139990428
140075761
140161120
140246505
140331916
140417353
140502816
140588305
140673820
140759361
140844928
140930521
141016140
141101785
141187456
141273153
141358876
141444625
141530400
141616201
141702028
141787881
141873760
141959665
142045596
142131553
142217536
142303545
142389580
142475641
142561728
142647841
142733980
142820145
142906336
142992553
143078796
143165065
143251360
143337681
143424028
143510401
143596800
143683225
143769676
143856153
143942656
144029185
144115740
144202321
144288928
144375561
144462220
144548905
144635616
144722353
144809116
144895905
144982720
145069561
145156428
145243321
145330240
145417185
145504156
145591153
145678176
145765225
145852300
145939401
146026528
146113681
146200860
146288065
146375296
146462553
146549836
146637145
146724480
146811841
146899228
146986641
147074080
147161545
147249036
147336553
147424096
147511665
147599260
147686881
147774528
147862201
147949900
148037625
148125376
148213153
148300956
148388785
148476640
148564521
148652428
148740361
148828320
148916305
149004316
149092353
149180416
149268505
149356620
149444761
149532928
149621121
149709340
149797585
149885856
149974153
150062476
150150825
150239200
150327601
150416028
150504481
150592960
150681465
150769996
150858553
150947136
151035745
151124380
151213041
151301728
151390441
151479180
151567945
151656736
151745553
151834396
151923265
152012160
152101081
152190028
152279001
152368000
152457025
152546076
152635153
152724256
152813385
152902540
152991721
153080928
153170161
153259420
153348705
153438016
153527353
153616716
153706105
153795520
153884961
153974428
154063921
154153440
154242985
154332556
154422153
154511776
154601425
154691100
154780801
154870528
154960281
155050060
155139865
155229696
155319553
155409436
155499345
155589280
155679241
155769228
155859241
155949280
156039345
156129436
156219553
156309696
156399865
156490060
156580281
156670528
156760801
156851100
156941425
157031776
157122153
157212556
157302985
157393440
157483921
157574428
157664961
157755520
157846105
157936716
158027353
158118016
158208705
158299420
158390161
158480928
158571721
158662540
158753385
158844256
158935153
159026076
159117025
159208000
159299001
159390028
159481081
159572160
159663265
159754396
159845553
159936736
160027945
160119180
160210441
160301728
160393041
160484380
160575745
160667136
160758553
160849996
160941465
161032960
161124481
161216028
161307601
161399200
161490825
161582476
161674153
161765856
161857585
161949340
162041121
162132928
162224761
162316620
162408505
162500416
162592353
162684316
162776305
162868320
162960361
163052428
163144521
163236640
163328785
163420956
163513153
163605376
163697625
163789900
163882201
163974528
164066881
164159260
164251665
164344096
164436553
164529036
164621545
164714080
164806641
164899228
164991841
165084480
165177145
165269836
165362553
165455296
165548065
165640860
165733681
165826528
165919401
166012300
166105225
166198176
166291153
166384156
166477185
166570240
166663321
166756428
166849561
166942720
167035905
167129116
167222353
167315616
167408905
167502220
167595561
167688928
167782321
167875740
167969185
168062656
168156153
168249676
168343225
168436800
168530401
168624028
168717681
168811360
168905065
168998796
169092553
169186336
169280145
169373980
169467841
169561728
169655641
169749580
169843545
169937536
170031553
170125596
170219665
170313760
170407881
170502028
170596201
170690400
170784625
170878876
170973153
171067456
171161785
171256140
171350521
171444928
171539361
171633820
171728305
171822816
171917353
172011916
172106505
172201120
172295761
172390428
172485121
172579840
172674585
172769356
172864153
172958976
173053825
173148700
173243601
173338528
173433481
173528460
173623465
173718496
173813553
173908636
174003745
174098880
174194041
174289228
174384441
174479680
174574945
174670236
174765553
174860896
174956265
175051660
175147081
175242528
175338001
175433500
175529025
175624576
175720153
175815756
175911385
176007040
176102721
176198428
176294161
176389920
176485705
176581516
176677353
176773216
176869105
176965020
177060961
177156928
177252921
177348940
177444985
177541056
177637153
177733276
177829425
177925600
178021801
178118028
178214281
178310560
178406865
178503196
178599553
178695936
178792345
178888780
178985241
179081728
179178241
179274780
179371345
179467936
179564553
179661196
179757865
179854560
179951281
180048028
180144801
180241600
180338425
180435276
180532153
180629056
180725985
180822940
180919921
181016928
181113961
181211020
181308105
181405216
181502353
181599516
181696705
181793920
181891161
181988428
182085721
182183040
182280385
182377756
182475153
182572576
182670025
182767500
182865001
182962528
183060081
183157660
183255265
183352896
183450553
183548236
183645945
183743680
183841441
183939228
184037041
184134880
184232745
184330636
184428553
184526496
184624465
184722460
184820481
184918528
185016601
185114700
185212825
185310976
185409153
185507356
185605585
185703840
185802121
185900428
185998761
186097120
186195505
186293916
186392353
186490816
186589305
186687820
186786361
186884928
186983521
187082140
187180785
187279456
187378153
187476876
187575625
187674400
187773201
187872028
187970881
188069760
188168665
188267596
188366553
188465536
188564545
188663580
188762641
188861728
188960841
189059980
189159145
189258336
189357553
189456796
189556065
189655360
189754681
189854028
189953401
190052800
190152225
190251676
190351153
190450656
190550185
190649740
190749321
190848928
190948561
191048220
191147905
191247616
191347353
191447116
191546905
191646720
191746561
191846428
191946321
192046240
192146185
192246156
192346153
