14137
1
2
730
731
3539
3540
9780
9781
20805
20806
37966
37967
62615
62616
96104
96105
139785
139786
195010
195011
263131
263132
345500
345501
443469
443470
558390
558391
691615
691616
844496
844497
1018385
1018386
1214634
1214635
1434595
1434596
1679620
1679621
1951061
1951062
2250270
2250271
2578599
2578600
2937400
2937401
3328025
3328026
3751826
3751827
4210155
4210156
4704364
4704365
5235805
5235806
5805830
5805831
6415791
6415792
7067040
7067041
7760929
7760930
8498810
8498811
9282035
9282036
10111956
10111957
10989925
10989926
11917294
11917295
12895415
12895416
13925640
13925641
15009321
15009322
16147810
16147811
17342459
17342460
18594620
18594621
19905645
19905646
21276886
21276887
22709695
22709696
24205424
24205425
25765425
25765426
27391050
27391051
29083651
29083652
30844580
30844581
32675189
32675190
34576830
34576831
36550855
36550856
38598616
38598617
40721465
40721466
42920754
42920755
45197835
45197836
47554060
47554061
49990781
49990782
52509350
52509351
55111119
55111120
57797440
57797441
60569665
60569666
63429146
63429147
66377235
66377236
69415284
69415285
72544645
72544646
75766670
75766671
79082711
79082712
82494120
82494121
86002249
86002250
89608450
89608451
93314075
93314076
97120476
97120477
101029005
101029006
105041014
105041015
109157855
109157856
113380880
113380881
117711441
117711442
122150890
122150891
126700579
126700580
131361860
131361861
136136085
136136086
141024606
141024607
146028775
146028776
151149944
151149945
156389465
156389466
161748690
161748691
167228971
167228972
172831660
172831661
178558109
178558110
184409670
184409671
190387695
190387696
196493536
196493537
202728545
202728546
209094074
209094075
215591475
215591476
222222100
222222101
228987301
228987302
235888430
235888431
242926839
242926840
250103880
250103881
257420905
257420906
264879266
264879267
272480315
272480316
280225404
280225405
288115885
288115886
296153110
296153111
304338431
304338432
312673200
312673201
321158769
321158770
329796490
329796491
338587715
338587716
347533796
347533797
356636085
356636086
365895934
365895935
375314695
375314696
384893720
384893721
394634361
394634362
404537970
404537971
414605899
414605900
424839500
424839501
435240125
435240126
445809126
445809127
456547855
456547856
467457664
467457665
478539905
478539906
489795930
489795931
501227091
501227092
512834740
512834741
524620229
524620230
536584910
536584911
548730135
548730136
561057256
561057257
573567625
573567626
586262594
586262595
599143515
599143516
612211740
612211741
625468621
625468622
638915510
638915511
652553759
652553760
666384720
666384721
680409745
680409746
694630186
694630187
709047395
709047396
723662724
723662725
738477525
738477526
753493150
753493151
768710951
768710952
784132280
784132281
799758489
799758490
815590930
815590931
831630955
831630956
847879916
847879917
864339165
864339166
881010054
881010055
897893935
897893936
914992160
914992161
932306081
932306082
949837050
949837051
967586419
967586420
985555540
985555541
1003745765
1003745766
1022158446
1022158447
1040794935
1040794936
1059656584
1059656585
1078744745
1078744746
1098060770
1098060771
1117606011
1117606012
1137381820
1137381821
1157389549
1157389550
1177630550
1177630551
1198106175
1198106176
1218817776
1218817777
1239766705
1239766706
1260954314
1260954315
1282381955
1282381956
1304050980
1304050981
1325962741
1325962742
1348118590
1348118591
1370519879
1370519880
1393167960
1393167961
1416064185
1416064186
1439209906
1439209907
1462606475
1462606476
1486255244
1486255245
1510157565
1510157566
1534314790
1534314791
1558728271
1558728272
1583399360
1583399361
1608329409
1608329410
1633519770
1633519771
1658971795
1658971796
1684686836
1684686837
1710666245
1710666246
1736911374
1736911375
1763423575
1763423576
1790204200
1790204201
1817254601
1817254602
1844576130
1844576131
1872170139
1872170140
1900037980
1900037981
1928181005
1928181006
1956600566
1956600567
1985298015
1985298016
2014274704
2014274705
2043531985
2043531986
2073071210
2073071211
2102893731
2102893732
2133000900
2133000901
2163394069
2163394070
2194074590
2194074591
2225043815
2225043816
2256303096
2256303097
2287853785
2287853786
2319697234
2319697235
2351834795
2351834796
2384267820
2384267821
2416997661
2416997662
2450025670
2450025671
2483353199
2483353200
2516981600
2516981601
2550912225
2550912226
2585146426
2585146427
2619685555
2619685556
2654530964
2654530965
2689684005
2689684006
2725146030
2725146031
2760918391
2760918392
2797002440
2797002441
2833399529
2833399530
2870111010
2870111011
2907138235
2907138236
2944482556
2944482557
2982145325
2982145326
3020127894
3020127895
3058431615
3058431616
3097057840
3097057841
3136007921
3136007922
3175283210
3175283211
3214885059
3214885060
3254814820
3254814821
3295073845
3295073846
3335663486
3335663487
3376585095
3376585096
3417840024
3417840025
3459429625
3459429626
3501355250
3501355251
3543618251
3543618252
3586219980
3586219981
3629161789
3629161790
3672445030
3672445031
3716071055
3716071056
3760041216
3760041217
3804356865
3804356866
3849019354
3849019355
3894030035
3894030036
3939390260
3939390261
3985101381
3985101382
4031164750
4031164751
4077581719
4077581720
4124353640
4124353641
4171481865
4171481866
4218967746
4218967747
4266812635
4266812636
4315017884
4315017885
4363584845
4363584846
4412514870
4412514871
4461809311
4461809312
4511469520
4511469521
4561496849
4561496850
4611892650
4611892651
4662658275
4662658276
4713795076
4713795077
4765304405
4765304406
4817187614
4817187615
4869446055
4869446056
4922081080
4922081081
4975094041
4975094042
5028486290
5028486291
5082259179
5082259180
5136414060
5136414061
5190952285
5190952286
5245875206
5245875207
5301184175
5301184176
5356880544
5356880545
5412965665
5412965666
5469440890
5469440891
5526307571
5526307572
5583567060
5583567061
5641220709
5641220710
5699269870
5699269871
5757715895
5757715896
5816560136
5816560137
5875803945
5875803946
5935448674
5935448675
5995495675
5995495676
6055946300
6055946301
6116801901
6116801902
6178063830
6178063831
6239733439
6239733440
6301812080
6301812081
6364301105
6364301106
6427201866
6427201867
6490515715
6490515716
6554244004
6554244005
6618388085
6618388086
6682949310
6682949311
6747929031
6747929032
6813328600
6813328601
6879149369
6879149370
6945392690
6945392691
7012059915
7012059916
7079152396
7079152397
7146671485
7146671486
7214618534
7214618535
7282994895
7282994896
7351801920
7351801921
7421040961
7421040962
7490713370
7490713371
7560820499
7560820500
7631363700
7631363701
7702344325
7702344326
7773763726
7773763727
7845623255
7845623256
7917924264
7917924265
7990668105
7990668106
8063856130
8063856131
8137489691
8137489692
8211570140
8211570141
8286098829
8286098830
8361077110
8361077111
8436506335
8436506336
8512387856
8512387857
8588723025
8588723026
8665513194
8665513195
8742759715
8742759716
8820463940
8820463941
8898627221
8898627222
8977250910
8977250911
9056336359
9056336360
9135884920
9135884921
9215897945
9215897946
9296376786
9296376787
9377322795
9377322796
9458737324
9458737325
9540621725
9540621726
9622977350
9622977351
9705805551
9705805552
9789107680
9789107681
9872885089
9872885090
9957139130
9957139131
10041871155
10041871156
10127082516
10127082517
10212774565
10212774566
10298948654
10298948655
10385606135
10385606136
10472748360
10472748361
10560376681
10560376682
10648492450
10648492451
10737097019
10737097020
10826191740
10826191741
10915777965
10915777966
11005857046
11005857047
11096430335
11096430336
11187499184
11187499185
11279064945
11279064946
11371128970
11371128971
11463692611
11463692612
11556757220
11556757221
11650324149
11650324150
11744394750
11744394751
11838970375
11838970376
11934052376
11934052377
12029642105
12029642106
12125740914
12125740915
12222350155
12222350156
12319471180
12319471181
12417105341
12417105342
12515253990
12515253991
12613918479
12613918480
12713100160
12713100161
12812800385
12812800386
12913020506
12913020507
13013761875
13013761876
13115025844
13115025845
13216813765
13216813766
13319126990
13319126991
13421966871
13421966872
13525334760
13525334761
13629232009
13629232010
13733659970
13733659971
13838619995
13838619996
13944113436
13944113437
14050141645
14050141646
14156705974
14156705975
14263807775
14263807776
14371448400
14371448401
14479629201
14479629202
14588351530
14588351531
14697616739
14697616740
14807426180
14807426181
14917781205
14917781206
15028683166
15028683167
15140133415
15140133416
15252133304
15252133305
15364684185
15364684186
15477787410
15477787411
15591444331
15591444332
15705656300
15705656301
15820424669
15820424670
15935750790
15935750791
16051636015
16051636016
16168081696
16168081697
16285089185
16285089186
16402659834
16402659835
16520794995
16520794996
16639496020
16639496021
16758764261
16758764262
16878601070
16878601071
16999007799
16999007800
17119985800
17119985801
17241536425
17241536426
17363661026
17363661027
17486360955
17486360956
17609637564
17609637565
17733492205
17733492206
17857926230
17857926231
17982940991
17982940992
18108537840
18108537841
18234718129
18234718130
18361483210
18361483211
18488834435
18488834436
18616773156
18616773157
18745300725
18745300726
18874418494
18874418495
19004127815
19004127816
19134430040
19134430041
19265326521
19265326522
19396818610
19396818611
19528907659
19528907660
19661595020
19661595021
19794882045
19794882046
19928770086
19928770087
20063260495
20063260496
20198354624
20198354625
20334053825
20334053826
20470359450
20470359451
20607272851
20607272852
20744795380
20744795381
20882928389
20882928390
21021673230
21021673231
21161031255
21161031256
21301003816
21301003817
21441592265
21441592266
21582797954
21582797955
21724622235
21724622236
21867066460
21867066461
22010131981
22010131982
22153820150
22153820151
22298132319
22298132320
22443069840
22443069841
22588634065
22588634066
22734826346
22734826347
22881648035
22881648036
23029100484
23029100485
23177185045
23177185046
23325903070
23325903071
23475255911
23475255912
23625244920
23625244921
23775871449
23775871450
23927136850
23927136851
24079042475
24079042476
24231589676
24231589677
24384779805
24384779806
24538614214
24538614215
24693094255
24693094256
24848221280
24848221281
25003996641
25003996642
25160421690
25160421691
25317497779
25317497780
25475226260
25475226261
25633608485
25633608486
25792645806
25792645807
25952339575
25952339576
26112691144
26112691145
26273701865
26273701866
26435373090
26435373091
26597706171
26597706172
26760702460
26760702461
26924363309
26924363310
27088690070
27088690071
27253684095
27253684096
27419346736
27419346737
27585679345
27585679346
27752683274
27752683275
27920359875
27920359876
28088710500
28088710501
28257736501
28257736502
28427439230
28427439231
28597820039
28597820040
28768880280
28768880281
28940621305
28940621306
29113044466
29113044467
29286151115
29286151116
29459942604
29459942605
29634420285
29634420286
29809585510
29809585511
29985439631
29985439632
30161984000
30161984001
30339219969
30339219970
30517148890
30517148891
30695772115
30695772116
30875090996
30875090997
31055106885
31055106886
31235821134
31235821135
31417235095
31417235096
31599350120
31599350121
31782167561
31782167562
31965688770
31965688771
32149915099
32149915100
32334847900
32334847901
32520488525
32520488526
32706838326
32706838327
32893898655
32893898656
33081670864
33081670865
33270156305
33270156306
33459356330
33459356331
33649272291
33649272292
33839905540
33839905541
34031257429
34031257430
34223329310
34223329311
34416122535
34416122536
34609638456
34609638457
34803878425
34803878426
34998843794
34998843795
35194535915
35194535916
35390956140
35390956141
35588105821
35588105822
35785986310
35785986311
35984598959
35984598960
36183945120
36183945121
36384026145
36384026146
36584843386
36584843387
36786398195
36786398196
36988691924
36988691925
37191725925
37191725926
37395501550
37395501551
37600020151
37600020152
37805283080
37805283081
38011291689
38011291690
38218047330
38218047331
38425551355
38425551356
38633805116
38633805117
38842809965
38842809966
39052567254
39052567255
39263078335
39263078336
39474344560
39474344561
39686367281
39686367282
39899147850
39899147851
40112687619
40112687620
40326987940
40326987941
40542050165
40542050166
40757875646
40757875647
40974465735
40974465736
41191821784
41191821785
41409945145
41409945146
41628837170
41628837171
41848499211
41848499212
42068932620
42068932621
42290138749
42290138750
42512118950
42512118951
42734874575
42734874576
42958406976
42958406977
43182717505
43182717506
43407807514
43407807515
43633678355
43633678356
43860331380
43860331381
44087767941
44087767942
44315989390
44315989391
44544997079
44544997080
44774792360
44774792361
45005376585
45005376586
45236751106
45236751107
45468917275
45468917276
45701876444
45701876445
45935629965
45935629966
46170179190
46170179191
46405525471
46405525472
46641670160
46641670161
46878614609
46878614610
47116360170
47116360171
47354908195
47354908196
47594260036
47594260037
47834417045
47834417046
48075380574
48075380575
48317151975
48317151976
48559732600
48559732601
48803123801
48803123802
49047326930
49047326931
49292343339
49292343340
49538174380
49538174381
49784821405
49784821406
50032285766
50032285767
50280568815
50280568816
50529671904
50529671905
50779596385
50779596386
51030343610
51030343611
51281914931
51281914932
51534311700
51534311701
51787535269
51787535270
52041586990
52041586991
52296468215
52296468216
52552180296
52552180297
52808724585
52808724586
53066102434
53066102435
53324315195
53324315196
53583364220
53583364221
53843250861
53843250862
54103976470
54103976471
54365542399
54365542400
54627950000
54627950001
54891200625
54891200626
55155295626
55155295627
55420236355
55420236356
55686024164
55686024165
55952660405
55952660406
56220146430
56220146431
56488483591
56488483592
56757673240
56757673241
57027716729
57027716730
57298615410
57298615411
57570370635
57570370636
57842983756
57842983757
58116456125
58116456126
58390789094
58390789095
58665984015
58665984016
58942042240
58942042241
59218965121
59218965122
59496754010
59496754011
59775410259
59775410260
60054935220
60054935221
60335330245
60335330246
60616596686
60616596687
60898735895
60898735896
61181749224
61181749225
61465638025
61465638026
61750403650
61750403651
62036047451
62036047452
62322570780
62322570781
62609974989
62609974990
62898261430
62898261431
63187431455
63187431456
63477486416
63477486417
63768427665
63768427666
64060256554
64060256555
64352974435
64352974436
64646582660
64646582661
64941082581
64941082582
65236475550
65236475551
65532762919
65532762920
65829946040
65829946041
66128026265
66128026266
66427004946
66427004947
66726883435
66726883436
67027663084
67027663085
67329345245
67329345246
67631931270
67631931271
67935422511
67935422512
68239820320
68239820321
68545126049
68545126050
68851341050
68851341051
69158466675
69158466676
69466504276
69466504277
69775455205
69775455206
70085320814
70085320815
70396102455
70396102456
70707801480
70707801481
71020419241
71020419242
71333957090
71333957091
71648416379
71648416380
71963798460
71963798461
72280104685
72280104686
72597336406
72597336407
72915494975
72915494976
73234581744
73234581745
73554598065
73554598066
73875545290
73875545291
74197424771
74197424772
74520237860
74520237861
74843985909
74843985910
75168670270
75168670271
75494292295
75494292296
75820853336
75820853337
76148354745
76148354746
76476797874
76476797875
76806184075
76806184076
77136514700
77136514701
77467791101
77467791102
77800014630
77800014631
78133186639
78133186640
78467308480
78467308481
78802381505
78802381506
79138407066
79138407067
79475386515
79475386516
79813321204
79813321205
80152212485
80152212486
80492061710
80492061711
80832870231
80832870232
81174639400
81174639401
81517370569
81517370570
81861065090
81861065091
82205724315
82205724316
82551349596
82551349597
82897942285
82897942286
83245503734
83245503735
83594035295
83594035296
83943538320
83943538321
84294014161
84294014162
84645464170
84645464171
84997889699
84997889700
85351292100
85351292101
85705672725
85705672726
86061032926
86061032927
86417374055
86417374056
86774697464
86774697465
87133004505
87133004506
87492296530
87492296531
87852574891
87852574892
88213840940
88213840941
88576096029
88576096030
88939341510
88939341511
89303578735
89303578736
89668809056
89668809057
90035033825
90035033826
90402254394
90402254395
90770472115
90770472116
91139688340
91139688341
91509904421
91509904422
91881121710
91881121711
92253341559
92253341560
92626565320
92626565321
93000794345
93000794346
93376029986
93376029987
93752273595
93752273596
94129526524
94129526525
94507790125
94507790126
94887065750
94887065751
95267354751
95267354752
95648658480
95648658481
96030978289
96030978290
96414315530
96414315531
96798671555
96798671556
97184047716
97184047717
97570445365
97570445366
97957865854
97957865855
98346310535
98346310536
98735780760
98735780761
99126277881
99126277882
99517803250
99517803251
99910358219
99910358220
100303944140
100303944141
100698562365
100698562366
101094214246
101094214247
101490901135
101490901136
101888624384
101888624385
102287385345
102287385346
102687185370
102687185371
103088025811
103088025812
103489908020
103489908021
103892833349
103892833350
104296803150
104296803151
104701818775
104701818776
105107881576
105107881577
105514992905
105514992906
105923154114
105923154115
106332366555
106332366556
106742631580
106742631581
107153950541
107153950542
107566324790
107566324791
107979755679
107979755680
108394244560
108394244561
108809792785
108809792786
109226401706
109226401707
109644072675
109644072676
110062807044
110062807045
110482606165
110482606166
110903471390
110903471391
111325404071
111325404072
111748405560
111748405561
112172477209
112172477210
112597620370
112597620371
113023836395
113023836396
113451126636
113451126637
113879492445
113879492446
114308935174
114308935175
114739456175
114739456176
115171056800
115171056801
115603738401
115603738402
116037502330
116037502331
116472349939
116472349940
116908282580
116908282581
117345301605
117345301606
117783408366
117783408367
118222604215
118222604216
118662890504
118662890505
119104268585
119104268586
119546739810
119546739811
119990305531
119990305532
120434967100
120434967101
120880725869
120880725870
121327583190
121327583191
121775540415
121775540416
122224598896
122224598897
122674759985
122674759986
123126025034
123126025035
123578395395
123578395396
124031872420
124031872421
124486457461
124486457462
124942151870
124942151871
125398956999
125398957000
125856874200
125856874201
126315904825
126315904826
126776050226
126776050227
127237311755
127237311756
127699690764
127699690765
128163188605
128163188606
128627806630
128627806631
129093546191
129093546192
129560408640
129560408641
130028395329
130028395330
130497507610
130497507611
130967746835
130967746836
131439114356
131439114357
131911611525
131911611526
132385239694
132385239695
132860000215
132860000216
133335894440
133335894441
133812923721
133812923722
134291089410
134291089411
134770392859
134770392860
135250835420
135250835421
135732418445
135732418446
136215143286
136215143287
136699011295
136699011296
137184023824
137184023825
137670182225
137670182226
138157487850
138157487851
138645942051
138645942052
139135546180
139135546181
139626301589
139626301590
140118209630
140118209631
140611271655
140611271656
141105489016
141105489017
141600863065
141600863066
142097395154
142097395155
142595086635
142595086636
143093938860
143093938861
143593953181
143593953182
144095130950
144095130951
144597473519
144597473520
145100982240
145100982241
145605658465
145605658466
146111503546
146111503547
146618518835
146618518836
147126705684
147126705685
147636065445
147636065446
148146599470
148146599471
148658309111
148658309112
149171195720
149171195721
149685260649
149685260650
150200505250
150200505251
150716930875
150716930876
151234538876
151234538877
151753330605
151753330606
152273307414
152273307415
152794470655
152794470656
153316821680
153316821681
153840361841
153840361842
154365092490
154365092491
154891014979
154891014980
155418130660
155418130661
155946440885
155946440886
156475947006
156475947007
157006650375
157006650376
157538552344
157538552345
158071654265
158071654266
158605957490
158605957491
159141463371
159141463372
159678173260
159678173261
160216088509
160216088510
160755210470
160755210471
161295540495
161295540496
161837079936
161837079937
162379830145
162379830146
162923792474
162923792475
163468968275
163468968276
164015358900
164015358901
164562965701
164562965702
165111790030
165111790031
165661833239
165661833240
166213096680
166213096681
166765581705
166765581706
167319289666
167319289667
167874221915
167874221916
168430379804
168430379805
168987764685
168987764686
169546377910
169546377911
170106220831
170106220832
170667294800
170667294801
171229601169
171229601170
171793141290
171793141291
172357916515
172357916516
172923928196
172923928197
173491177685
173491177686
174059666334
174059666335
174629395495
174629395496
175200366520
175200366521
175772580761
175772580762
176346039570
176346039571
176920744299
176920744300
177496696300
177496696301
178073896925
178073896926
178652347526
178652347527
179232049455
179232049456
179813004064
179813004065
180395212705
180395212706
180978676730
180978676731
181563397491
181563397492
182149376340
182149376341
182736614629
182736614630
183325113710
183325113711
183914874935
183914874936
184505899656
184505899657
185098189225
185098189226
185691744994
185691744995
186286568315
186286568316
186882660540
186882660541
187480023021
187480023022
188078657110
188078657111
188678564159
188678564160
189279745520
189279745521
189882202545
189882202546
190485936586
190485936587
191090948995
191090948996
191697241124
191697241125
192304814325
192304814326
192913669950
192913669951
193523809351
193523809352
194135233880
194135233881
194747944889
194747944890
195361943730
195361943731
195977231755
195977231756
196593810316
196593810317
197211680765
197211680766
197830844454
197830844455
198451302735
198451302736
199073056960
199073056961
199696108481
199696108482
200320458650
200320458651
200946108819
200946108820
201573060340
201573060341
202201314565
202201314566
202830872846
202830872847
203461736535
203461736536
204093906984
204093906985
204727385545
204727385546
205362173570
205362173571
205998272411
205998272412
206635683420
206635683421
207274407949
207274407950
207914447350
207914447351
208555802975
208555802976
209198476176
209198476177
209842468305
209842468306
210487780714
210487780715
211134414755
211134414756
211782371780
211782371781
212431653141
212431653142
213082260190
213082260191
213734194279
213734194280
214387456760
214387456761
215042048985
215042048986
215697972306
215697972307
216355228075
216355228076
217013817644
217013817645
217673742365
217673742366
218335003590
218335003591
218997602671
218997602672
219661540960
219661540961
220326819809
220326819810
220993440570
220993440571
221661404595
221661404596
222330713236
222330713237
223001367845
223001367846
223673369774
223673369775
224346720375
224346720376
225021421000
225021421001
225697473001
225697473002
226374877730
226374877731
227053636539
227053636540
227733750780
227733750781
228415221805
228415221806
229098050966
229098050967
229782239615
229782239616
230467789104
230467789105
231154700785
231154700786
231842976010
231842976011
232532616131
232532616132
233223622500
233223622501
233915996469
233915996470
234609739390
234609739391
235304852615
235304852616
236001337496
236001337497
236699195385
236699195386
237398427634
237398427635
238099035595
238099035596
238801020620
238801020621
239504384061
239504384062
240209127270
240209127271
240915251599
240915251600
241622758400
241622758401
242331649025
242331649026
243041924826
243041924827
243753587155
243753587156
244466637364
244466637365
245181076805
245181076806
245896906830
245896906831
246614128791
246614128792
247332744040
247332744041
248052753929
248052753930
248774159810
248774159811
249496963035
249496963036
250221164956
250221164957
250946766925
250946766926
251673770294
251673770295
252402176415
252402176416
253131986640
253131986641
253863202321
253863202322
254595824810
254595824811
255329855459
255329855460
256065295620
256065295621
256802146645
256802146646
257540409886
257540409887
258280086695
258280086696
259021178424
259021178425
259763686425
259763686426
260507612050
260507612051
261252956651
261252956652
261999721580
261999721581
262747908189
262747908190
263497517830
263497517831
264248551855
1
2
2810
2811
13835
13836
38484
38485
82165
82166
150286
150287
248255
248256
381480
381481
555369
555370
775330
775331
1046771
1046772
1375100
1375101
1765725
1765726
2224054
2224055
2755495
2755496
3365456
3365457
4059345
4059346
4842570
4842571
5720539
5720540
6698660
6698661
7782341
7782342
8976990
8976991
10288015
10288016
11720824
11720825
13280825
13280826
14973426
14973427
16804035
16804036
18778060
18778061
20900909
20900910
23177990
23177991
25614711
25614712
28216480
28216481
30988705
30988706
33936794
33936795
37066155
37066156
40382196
40382197
43890325
43890326
47595950
47595951
51504479
51504480
55621320
55621321
59951881
59951882
64501570
64501571
69275795
69275796
74279964
74279965
79519485
79519486
84999766
84999767
90726215
90726216
96704240
96704241
102939249
102939250
109436650
109436651
116201851
116201852
123240260
123240261
130557285
130557286
138158334
138158335
146048815
146048816
154234136
154234137
162719705
162719706
171510930
171510931
180613219
180613220
190031980
190031981
199772621
199772622
209840550
209840551
220241175
220241176
230979904
230979905
242062145
242062146
253493306
253493307
265278795
265278796
277424020
277424021
289934389
289934390
302815310
302815311
316072191
316072192
329710440
329710441
343735465
343735466
358152674
358152675
372967475
372967476
388185276
388185277
403811485
403811486
419851510
419851511
436310759
436310760
453194640
453194641
470508561
470508562
488257930
488257931
506448155
506448156
525084644
525084645
544172805
544172806
563718046
563718047
583725775
583725776
604201400
604201401
625150329
625150330
646577970
646577971
668489731
668489732
690891020
690891021
713787245
713787246
737183814
737183815
761086135
761086136
785499616
785499617
810429665
810429666
835881690
835881691
861861099
861861100
888373300
888373301
915423701
915423702
943017710
943017711
971160735
971160736
999858184
999858185
1029115465
1029115466
1058937986
1058937987
1089331155
1089331156
1120300380
1120300381
1151851069
1151851070
1183988630
1183988631
1216718471
1216718472
1250046000
1250046001
1283976625
1283976626
1318515754
1318515755
1353668795
1353668796
1389441156
1389441157
1425838245
1425838246
1462865470
1462865471
1500528239
1500528240
1538831960
1538831961
1577782041
1577782042
1617383890
1617383891
1657642915
1657642916
1698564524
1698564525
1740154125
1740154126
1782417126
1782417127
1825358935
1825358936
1868984960
1868984961
1913300609
1913300610
1958311290
1958311291
2004022411
2004022412
2050439380
2050439381
2097567605
2097567606
2145412494
2145412495
2193979455
2193979456
2243273896
2243273897
2293301225
2293301226
2344066850
2344066851
2395576179
2395576180
2447834620
2447834621
2500847581
2500847582
2554620470
2554620471
2609158695
2609158696
2664467664
2664467665
2720552785
2720552786
2777419466
2777419467
2835073115
2835073116
2893519140
2893519141
2952762949
2952762950
3012809950
3012809951
3073665551
3073665552
3135335160
3135335161
3197824185
3197824186
3261138034
3261138035
3325282115
3325282116
3390261836
3390261837
3456082605
3456082606
3522749830
3522749831
3590268919
3590268920
3658645280
3658645281
3727884321
3727884322
3797991450
3797991451
3868972075
3868972076
3940831604
3940831605
4013575445
4013575446
4087209006
4087209007
4161737695
4161737696
4237166920
4237166921
4313502089
4313502090
4390748610
4390748611
4468911891
4468911892
4547997340
4547997341
4628010365
4628010366
4708956374
4708956375
4790840775
4790840776
4873668976
4873668977
4957446385
4957446386
5042178410
5042178411
5127870459
5127870460
5214527940
5214527941
5302156261
5302156262
5390760830
5390760831
5480347055
5480347056
5570920344
5570920345
5662486105
5662486106
5755049746
5755049747
5848616675
5848616676
5943192300
5943192301
6038782029
6038782030
6135391270
6135391271
6233025431
6233025432
6331689920
6331689921
6431390145
6431390146
6532131514
6532131515
6633919435
6633919436
6736759316
6736759317
6840656565
6840656566
6945616590
6945616591
7051644799
7051644800
7158746600
7158746601
7266927401
7266927402
7376192610
7376192611
7486547635
7486547636
7597997884
7597997885
7710548765
7710548766
7824205686
7824205687
7938974055
7938974056
8054859280
8054859281
8171866769
8171866770
8290001930
8290001931
8409270171
8409270172
8529676900
8529676901
8651227525
8651227526
8773927454
8773927455
8897782095
8897782096
9022796856
9022796857
9148977145
9148977146
9276328370
9276328371
9404855939
9404855940
9534565260
9534565261
9665461741
9665461742
9797550790
9797550791
9930837815
9930837816
10065328224
10065328225
10201027425
10201027426
10337940826
10337940827
10476073835
10476073836
10615431860
10615431861
10756020309
10756020310
10897844590
10897844591
11040910111
11040910112
11185222280
11185222281
11330786505
11330786506
11477608194
11477608195
11625692755
11625692756
11775045596
11775045597
11925672125
11925672126
12077577750
12077577751
12230767879
12230767880
12385247920
12385247921
12541023281
12541023282
12698099370
12698099371
12856481595
12856481596
13016175364
13016175365
13177186085
13177186086
13339519166
13339519167
13503180015
13503180016
13668174040
13668174041
13834506649
13834506650
14002183250
14002183251
14171209251
14171209252
14341590060
14341590061
14513331085
14513331086
14686437734
14686437735
14860915415
14860915416
15036769536
15036769537
15214005505
15214005506
15392628730
15392628731
15572644619
15572644620
15754058580
15754058581
15936876021
15936876022
16121102350
16121102351
16306742975
16306742976
16493803304
16493803305
16682288745
16682288746
16872204706
16872204707
17063556595
17063556596
17256349820
17256349821
17450589789
17450589790
17646281910
17646281911
17843431591
17843431592
18042044240
18042044241
18242125265
18242125266
18443680074
18443680075
18646714075
18646714076
18851232676
18851232677
19057241285
19057241286
19264745310
19264745311
19473750159
19473750160
19684261240
19684261241
19896283961
19896283962
20109823730
20109823731
20324885955
20324885956
20541476044
20541476045
20759599405
20759599406
20979261446
20979261447
21200467575
21200467576
21423223200
21423223201
21647533729
21647533730
21873404570
21873404571
22100841131
22100841132
22329848820
22329848821
22560433045
22560433046
22792599214
22792599215
23026352735
23026352736
23261699016
23261699017
23498643465
23498643466
23737191490
23737191491
23977348499
23977348500
24219119900
24219119901
24462511101
24462511102
24707527510
24707527511
24954174535
24954174536
25202457584
25202457585
25452382065
25452382066
25703953386
25703953387
25957176955
25957176956
26212058180
26212058181
26468602469
26468602470
26726815230
26726815231
26986701871
26986701872
27248267800
27248267801
27511518425
27511518426
27776459154
27776459155
28043095395
28043095396
28311432556
28311432557
28581476045
28581476046
28853231270
28853231271
29126703639
29126703640
29401898560
29401898561
29678821441
29678821442
29957477690
29957477691
30237872715
30237872716
30520011924
30520011925
30803900725
30803900726
31089544526
31089544527
31376948735
31376948736
31666118760
31666118761
31957060009
31957060010
32249777890
32249777891
32544277811
32544277812
32840565180
32840565181
33138645405
33138645406
33438523894
33438523895
33740206055
33740206056
34043697296
34043697297
34349003025
34349003026
34656128650
34656128651
34965079579
34965079580
35275861220
35275861221
35588478981
35588478982
35902938270
35902938271
36219244495
36219244496
36537403064
36537403065
36857419385
36857419386
37179298866
37179298867
37503046915
37503046916
37828668940
37828668941
38156170349
38156170350
38485556550
38485556551
38816832951
38816832952
39150004960
39150004961
39485077985
39485077986
39822057434
39822057435
40160948715
40160948716
40501757236
40501757237
40844488405
40844488406
41189147630
41189147631
41535740319
41535740320
41884271880
41884271881
42234747721
42234747722
42587173250
42587173251
42941553875
42941553876
43297895004
43297895005
43656202045
43656202046
44016480406
44016480407
44378735495
44378735496
44742972720
44742972721
45109197489
45109197490
45477415210
45477415211
45847631291
45847631292
46219851140
46219851141
46594080165
46594080166
46970323774
46970323775
47348587375
47348587376
47728876376
47728876377
48111196185
48111196186
48495552210
48495552211
48881949859
48881949860
49270394540
49270394541
49660891661
49660891662
50053446630
50053446631
50448064855
50448064856
50844751744
50844751745
51243512705
51243512706
51644353146
51644353147
52047278475
52047278476
52452294100
52452294101
52859405429
52859405430
53268617870
53268617871
53679936831
53679936832
54093367720
54093367721
54508915945
54508915946
54926586914
54926586915
55346386035
55346386036
55768318716
55768318717
56192390365
56192390366
56618606390
56618606391
57046972199
57046972200
57477493200
57477493201
57910174801
57910174802
58345022410
58345022411
58782041435
58782041436
59221237284
59221237285
59662615365
59662615366
60106181086
60106181087
60551939855
60551939856
60999897080
60999897081
61450058169
61450058170
61902428530
61902428531
62357013571
62357013572
62813818700
62813818701
63272849325
63272849326
63734110854
63734110855
64197608695
64197608696
64663348256
64663348257
65131334945
65131334946
65601574170
65601574171
66074071339
66074071340
66548831860
66548831861
67025861141
67025861142
67505164590
67505164591
67986747615
67986747616
68470615624
68470615625
68956774025
68956774026
69445228226
69445228227
69935983635
69935983636
70429045660
70429045661
70924419709
70924419710
71422111190
71422111191
71922125511
71922125512
72424468080
72424468081
72929144305
72929144306
73436159594
73436159595
73945519355
73945519356
74457228996
74457228997
74971293925
74971293926
75487719550
75487719551
76006511279
76006511280
76527674520
76527674521
77051214681
77051214682
77577137170
77577137171
78105447395
78105447396
78636150764
78636150765
79169252685
79169252686
79704758566
79704758567
80242673815
80242673816
80783003840
80783003841
81325754049
81325754050
81870929850
81870929851
82418536651
82418536652
82968579860
82968579861
83521064885
83521064886
84075997134
84075997135
84633382015
84633382016
85193224936
85193224937
85755531305
85755531306
86320306530
86320306531
86887556019
86887556020
87457285180
87457285181
88029499421
88029499422
88604204150
88604204151
89181404775
89181404776
89761106704
89761106705
90343315345
90343315346
90928036106
90928036107
91515274395
91515274396
92105035620
92105035621
92697325189
92697325190
93292148510
93292148511
93889510991
93889510992
94489418040
94489418041
95091875065
95091875066
95696887474
95696887475
96304460675
96304460676
96914600076
96914600077
97527311085
97527311086
98142599110
98142599111
98760469559
98760469560
99380927840
99380927841
100003979361
100003979362
100629629530
100629629531
101257883755
101257883756
101888747444
101888747445
102522226005
102522226006
103158324846
103158324847
103797049375
103797049376
104438405000
104438405001
105082397129
105082397130
105729031170
105729031171
106378312531
106378312532
107030246620
107030246621
107684838845
107684838846
108342094614
108342094615
109002019335
109002019336
109664618416
109664618417
110329897265
110329897266
110997861290
110997861291
111668515899
111668515900
112341866500
112341866501
113017918501
113017918502
113696677310
113696677311
114378148335
114378148336
115062336984
115062336985
115749248665
115749248666
116438888786
116438888787
117131262755
117131262756
117826375980
117826375981
118524233869
118524233870
119224841830
119224841831
119928205271
119928205272
120634329600
120634329601
121343220225
121343220226
122054882554
122054882555
122769321995
122769321996
123486543956
123486543957
124206553845
124206553846
124929357070
124929357071
125654959039
125654959040
126383365160
126383365161
127114580841
127114580842
127848611490
127848611491
128585462515
128585462516
129325139324
129325139325
130067647325
130067647326
130812991926
130812991927
131561178535
131561178536
132312212560
132312212561
133066099409
133066099410
133822844490
133822844491
134582453211
134582453212
135344930980
135344930981
136110283205
136110283206
136878515294
136878515295
137649632655
137649632656
138423640696
138423640697
139200544825
139200544826
139980350450
139980350451
140763062979
140763062980
141548687820
141548687821
142337230381
142337230382
143128696070
143128696071
143923090295
143923090296
144720418464
144720418465
145520685985
145520685986
146323898266
146323898267
147130060715
147130060716
147939178740
147939178741
148751257749
148751257750
149566303150
149566303151
150384320351
150384320352
151205314760
151205314761
152029291785
152029291786
152856256834
152856256835
153686215315
153686215316
154519172636
154519172637
155355134205
155355134206
156194105430
156194105431
157036091719
157036091720
157881098480
157881098481
158729131121
158729131122
159580195050
159580195051
160434295675
160434295676
161291438404
161291438405
162151628645
162151628646
163014871806
163014871807
163881173295
163881173296
164750538520
164750538521
165622972889
165622972890
166498481810
166498481811
167377070691
167377070692
168258744940
168258744941
169143509965
169143509966
170031371174
170031371175
170922333975
170922333976
171816403776
171816403777
172713585985
172713585986
173613886010
173613886011
174517309259
174517309260
175423861140
175423861141
176333547061
176333547062
177246372430
177246372431
178162342655
178162342656
179081463144
179081463145
180003739305
180003739306
180929176546
180929176547
181857780275
181857780276
182789555900
182789555901
183724508829
183724508830
184662644470
184662644471
185603968231
185603968232
186548485520
186548485521
187496201745
187496201746
188447122314
188447122315
189401252635
189401252636
190358598116
190358598117
191319164165
191319164166
192282956190
192282956191
193249979599
193249979600
194220239800
194220239801
195193742201
195193742202
196170492210
196170492211
197150495235
197150495236
198133756684
198133756685
199120281965
199120281966
200110076486
200110076487
201103145655
201103145656
202099494880
202099494881
203099129569
203099129570
204102055130
204102055131
205108276971
205108276972
206117800500
206117800501
207130631125
207130631126
208146774254
208146774255
209166235295
209166235296
210189019656
210189019657
211215132745
211215132746
212244579970
212244579971
213277366739
213277366740
214313498460
214313498461
215352980541
215352980542
216395818390
216395818391
217442017415
217442017416
218491583024
218491583025
219544520625
219544520626
220600835626
220600835627
221660533435
221660533436
222723619460
222723619461
223790099109
223790099110
224859977790
224859977791
225933260911
225933260912
227009953880
227009953881
228090062105
228090062106
229173590994
229173590995
230260545955
230260545956
231350932396
231350932397
232444755725
232444755726
233542021350
233542021351
234642734679
234642734680
235746901120
235746901121
236854526081
236854526082
237965614970
237965614971
239080173195
239080173196
240198206164
240198206165
241319719285
241319719286
242444717966
242444717967
243573207615
243573207616
244705193640
244705193641
245840681449
245840681450
246979676450
246979676451
248122184051
248122184052
249268209660
249268209661
250417758685
250417758686
251570836534
251570836535
252727448615
252727448616
253887600336
253887600337
255051297105
255051297106
256218544330
256218544331
257389347419
257389347420
258563711780
258563711781
259741642821
259741642822
260923145950
260923145951
262108226575
262108226576
263296890104
263296890105
264489141945
264489141946
265684987506
265684987507
266884432195
266884432196
268087481420
268087481421
269294140589
269294140590
270504415110
270504415111
271718310391
271718310392
272935831840
272935831841
274156984865
274156984866
275381774874
275381774875
276610207275
276610207276
277842287476
277842287477
279078020885
279078020886
280317412910
280317412911
281560468959
281560468960
282807194440
282807194441
284057594761
284057594762
285311675330
285311675331
286569441555
286569441556
287830898844
287830898845
289096052605
289096052606
290364908246
290364908247
291637471175
291637471176
292913746800
292913746801
294193740529
294193740530
295477457770
295477457771
296764903931
296764903932
298056084420
298056084421
299351004645
299351004646
300649670014
300649670015
301952085935
301952085936
303258257816
303258257817
304568191065
304568191066
305881891090
305881891091
307199363299
307199363300
308520613100
308520613101
309845645901
309845645902
311174467110
311174467111
312507082135
312507082136
313843496384
313843496385
315183715265
315183715266
316527744186
316527744187
317875588555
317875588556
319227253780
319227253781
320582745269
320582745270
321942068430
321942068431
323305228671
323305228672
324672231400
324672231401
326043082025
326043082026
327417785954
327417785955
328796348595
328796348596
330178775356
330178775357
331565071645
331565071646
332955242870
332955242871
334349294439
334349294440
335747231760
335747231761
337149060241
337149060242
338554785290
338554785291
339964412315
339964412316
341377946724
341377946725
342795393925
342795393926
344216759326
344216759327
345642048335
345642048336
347071266360
347071266361
348504418809
348504418810
349941511090
349941511091
351382548611
351382548612
352827536780
352827536781
354276481005
354276481006
355729386694
355729386695
357186259255
357186259256
358647104096
358647104097
360111926625
360111926626
361580732250
361580732251
363053526379
363053526380
364530314420
364530314421
366011101781
366011101782
367495893870
367495893871
368984696095
368984696096
370477513864
370477513865
371974352585
371974352586
373475217666
373475217667
374980114515
374980114516
376489048540
376489048541
378002025149
378002025150
379519049750
379519049751
381040127751
381040127752
382565264560
382565264561
384094465585
384094465586
385627736234
385627736235
387165081915
387165081916
388706508036
388706508037
390252020005
390252020006
391801623230
391801623231
393355323119
393355323120
394913125080
394913125081
396475034521
396475034522
398041056850
398041056851
399611197475
399611197476
401185461804
401185461805
402763855245
402763855246
404346383206
404346383207
405933051095
405933051096
407523864320
407523864321
409118828289
409118828290
410717948410
410717948411
412321230091
412321230092
413928678740
413928678741
415540299765
415540299766
417156098574
417156098575
418776080575
418776080576
420400251176
420400251177
422028615785
422028615786
423661179810
423661179811
425297948659
425297948660
426938927740
426938927741
428584122461
428584122462
430233538230
430233538231
431887180455
431887180456
433545054544
433545054545
435207165905
435207165906
436873519946
436873519947
438544122075
438544122076
440218977700
440218977701
441898092229
441898092230
443581471070
443581471071
445269119631
445269119632
446961043320
446961043321
448657247545
448657247546
450357737714
450357737715
452062519235
452062519236
453771597516
453771597517
455484977965
455484977966
457202665990
457202665991
458924666999
458924667000
460650986400
460650986401
462381629601
462381629602
464116602010
464116602011
465855909035
465855909036
467599556084
467599556085
469347548565
469347548566
471099891886
471099891887
472856591455
472856591456
474617652680
474617652681
476383080969
476383080970
478152881730
478152881731
479927060371
479927060372
481705622300
481705622301
483488572925
483488572926
485275917654
485275917655
487067661895
487067661896
488863811056
488863811057
490664370545
490664370546
492469345770
492469345771
494278742139
494278742140
496092565060
496092565061
497910819941
497910819942
499733512190
499733512191
501560647215
501560647216
503392230424
503392230425
505228267225
505228267226
507068763026
507068763027
508913723235
508913723236
510763153260
510763153261
512617058509
512617058510
514475444390
514475444391
516338316311
516338316312
518205679680
518205679681
520077539905
520077539906
521953902394
521953902395
523834772555
523834772556
525720155796
525720155797
527610057525
527610057526
529504483150
529504483151
531403438079
531403438080
533306927720
533306927721
535214957481
535214957482
537127532770
537127532771
539044658995
539044658996
540966341564
540966341565
542892585885
542892585886
544823397366
544823397367
546758781415
546758781416
548698743440
548698743441
550643288849
550643288850
552592423050
552592423051
554546151451
554546151452
556504479460
556504479461
558467412485
558467412486
560434955934
560434955935
562407115215
562407115216
564383895736
564383895737
566365302905
566365302906
568351342130
568351342131
570342018819
570342018820
572337338380
572337338381
574337306221
574337306222
576341927750
576341927751
578351208375
578351208376
580365153504
580365153505
582383768545
582383768546
584407058906
584407058907
586435029995
586435029996
588467687220
588467687221
590505035989
590505035990
592547081710
592547081711
594593829791
594593829792
596645285640
596645285641
598701454665
598701454666
600762342274
600762342275
602827953875
602827953876
604898294876
604898294877
606973370685
606973370686
609053186710
609053186711
611137748359
611137748360
613227061040
613227061041
615321130161
615321130162
617419961130
617419961131
619523559355
619523559356
621631930244
621631930245
623745079205
623745079206
625863011646
625863011647
627985732975
627985732976
630113248600
630113248601
632245563929
632245563930
634382684370
634382684371
636524615331
636524615332
638671362220
638671362221
640822930445
640822930446
642979325414
642979325415
645140552535
645140552536
647306617216
647306617217
649477524865
649477524866
651653280890
651653280891
653833890699
653833890700
656019359700
656019359701
658209693301
658209693302
660404896910
660404896911
662604975935
662604975936
664809935784
664809935785
667019781865
667019781866
669234519586
669234519587
671454154355
671454154356
673678691580
673678691581
675908136669
675908136670
678142495030
678142495031
680381772071
680381772072
682625973200
682625973201
684875103825
684875103826
687129169354
687129169355
689388175195
689388175196
691652126756
691652126757
693921029445
693921029446
696194888670
696194888671
698473709839
698473709840
700757498360
700757498361
703046259641
703046259642
705339999090
705339999091
707638722115
707638722116
709942434124
709942434125
712251140525
712251140526
714564846726
714564846727
716883558135
716883558136
719207280160
719207280161
721536018209
721536018210
723869777690
723869777691
726208564011
726208564012
728552382580
728552382581
730901238805
730901238806
733255138094
733255138095
735614085855
735614085856
737978087496
737978087497
740347148425
740347148426
742721274050
742721274051
745100469779
745100469780
747484741020
747484741021
749874093181
749874093182
752268531670
752268531671
754668061895
754668061896
757072689264
757072689265
759482419185
759482419186
761897257066
761897257067
764317208315
764317208316
766742278340
766742278341
769172472549
769172472550
771607796350
771607796351
774048255151
774048255152
776493854360
776493854361
778944599385
778944599386
781400495634
781400495635
783861548515
783861548516
786327763436
786327763437
788799145805
788799145806
791275701030
791275701031
793757434519
793757434520
796244351680
796244351681
798736457921
798736457922
801233758650
801233758651
803736259275
803736259276
806243965204
806243965205
808756881845
808756881846
811275014606
811275014607
813798368895
813798368896
816326950120
816326950121
818860763689
818860763690
821399815010
821399815011
823944109491
823944109492
826493652540
826493652541
829048449565
829048449566
831608505974
831608505975
834173827175
834173827176
836744418576
836744418577
839320285585
839320285586
841901433610
841901433611
844487868059
844487868060
847079594340
847079594341
849676617861
849676617862
852278944030
852278944031
854886578255
854886578256
857499525944
857499525945
860117792505
860117792506
862741383346
862741383347
865370303875
865370303876
868004559500
868004559501
870644155629
870644155630
873289097670
873289097671
875939391031
875939391032
878595041120
878595041121
881256053345
881256053346
883922433114
883922433115
886594185835
886594185836
889271316916
889271316917
891953831765
891953831766
894641735790
894641735791
897335034399
897335034400
900033733000
900033733001
902737837001
902737837002
905447351810
905447351811
908162282835
908162282836
910882635484
910882635485
913608415165
913608415166
916339627286
916339627287
919076277255
919076277256
921818370480
921818370481
924565912369
924565912370
927318908330
927318908331
930077363771
930077363772
932841284100
932841284101
935610674725
935610674726
938385541054
938385541055
1
2
3
4
5
6
7
8
9
10
11
12
13
14
15
16
17
18
19
20
21
22
23
24
25
26
27
28
29
30
31
32
33
34
35
36
37
38
39
40
41
42
43
44
45
46
47
48
49
50
51
52
53
54
55
56
57
58
59
60
61
62
63
64
65
66
67
68
69
70
71
72
73
74
75
76
77
78
79
80
81
82
83
84
85
86
87
88
89
90
91
92
93
94
95
96
97
98
99
100
101
102
103
104
105
106
107
108
109
110
111
112
113
114
115
116
117
118
119
120
121
122
123
124
125
126
127
128
129
130
131
132
133
134
135
136
137
138
139
140
141
142
143
144
145
146
147
148
149
150
151
152
153
154
155
156
157
158
159
160
161
162
163
164
165
166
167
168
169
170
171
172
173
174
175
176
177
178
179
180
181
182
183
184
185
186
187
188
189
190
191
192
193
194
195
196
197
198
199
200
201
202
203
204
205
206
207
208
209
210
211
212
213
214
215
216
217
218
219
220
221
222
223
224
225
226
227
228
229
230
231
232
233
234
235
236
237
238
239
240
241
242
243
244
245
246
247
248
249
250
251
252
253
254
255
256
257
258
259
260
261
262
263
264
265
266
267
268
269
270
271
272
273
274
275
276
277
278
279
280
281
282
283
284
285
286
287
288
289
290
291
292
293
294
295
296
297
298
299
300
301
302
303
304
305
306
307
308
309
310
311
312
313
314
315
316
317
318
319
320
321
322
323
324
325
326
327
328
329
330
331
332
333
334
335
336
337
338
339
340
341
342
343
344
345
346
347
348
349
350
351
352
353
354
355
356
357
358
359
360
361
362
363
364
365
366
367
368
369
370
371
372
373
374
375
376
377
378
379
380
381
382
383
384
385
386
387
388
389
390
391
392
393
394
395
396
397
398
399
400
401
402
403
404
405
406
407
408
409
410
411
412
413
414
415
416
417
418
419
420
421
422
423
424
425
426
427
428
429
430
431
432
433
434
435
436
437
438
439
440
441
442
443
444
445
446
447
448
449
450
451
452
453
454
455
456
457
458
459
460
461
462
463
464
465
466
467
468
469
470
471
472
473
474
475
476
477
478
479
480
481
482
483
484
485
486
487
488
489
490
491
492
493
494
495
496
497
498
499
500
501
502
503
504
505
506
507
508
509
510
511
512
513
514
515
516
517
518
519
520
521
522
523
524
525
526
527
528
529
530
531
532
533
534
535
536
537
538
539
540
541
542
543
544
545
546
547
548
549
550
551
552
553
554
555
556
557
558
559
560
561
562
563
564
565
566
567
568
569
570
571
572
573
574
575
576
577
578
579
580
581
582
583
584
585
586
587
588
589
590
591
592
593
594
595
596
597
598
599
600
601
602
603
604
605
606
607
608
609
610
611
612
613
614
615
616
617
618
619
620
621
622
623
624
625
626
627
628
629
630
631
632
633
634
635
636
637
638
639
640
641
642
643
644
645
646
647
648
649
650
651
652
653
654
655
656
657
658
659
660
661
662
663
664
665
666
667
668
669
670
671
672
673
674
675
676
677
678
679
680
681
682
683
684
685
686
687
688
689
690
691
692
693
694
695
696
697
698
699
700
701
702
703
704
705
706
707
708
709
710
711
712
713
714
715
716
717
718
719
720
721
722
723
724
725
726
727
728
729
730
731
732
733
734
735
736
737
738
739
740
741
742
743
744
745
746
747
748
749
750
751
752
753
754
755
756
757
758
759
760
761
762
763
764
765
766
767
768
769
770
771
772
773
774
775
776
777
778
779
780
781
782
783
784
785
786
787
788
789
790
791
792
793
794
795
796
797
798
799
800
801
802
803
804
805
806
807
808
809
810
811
812
813
814
815
816
817
818
819
820
821
822
823
824
825
826
827
828
829
830
831
832
833
834
835
836
837
838
839
840
841
842
843
844
845
846
847
848
849
850
851
852
853
854
855
856
857
858
859
860
861
862
863
864
865
866
867
868
869
870
871
872
873
874
875
876
877
878
879
880
881
882
883
884
885
886
887
888
889
890
891
892
893
894
895
896
897
898
899
900
901
902
903
904
905
906
907
908
909
910
911
912
913
914
915
916
917
918
919
920
921
922
923
924
925
926
927
928
929
930
931
932
933
934
935
936
937
938
939
940
941
942
943
944
945
946
947
948
949
950
951
952
953
954
955
956
957
958
959
960
961
962
963
964
965
966
967
968
969
970
971
972
973
974
975
976
977
978
979
980
981
982
983
984
985
986
987
988
989
990
991
992
993
994
995
996
997
998
999
1000
1001
1002
1003
1004
1005
1006
1007
1008
1009
1010
1011
1012
1013
1014
1015
1016
1017
1018
1019
1020
1021
1022
1023
1024
1025
1026
1027
1028
1029
1030
1031
1032
1033
1034
1035
1036
1037
1038
1039
1040
1041
1042
1043
1044
1045
1046
1047
1048
1049
1050
1051
1052
1053
1054
1055
1056
1057
1058
1059
1060
1061
1062
1063
1064
1065
1066
1067
1068
1069
1070
1071
1072
1073
1074
1075
1076
1077
1078
1079
1080
1081
1082
1083
1084
1085
1086
1087
1088
1089
1090
1091
1092
1093
1094
1095
1096
1097
1098
1099
1100
1101
1102
1103
1104
1105
1106
1107
1108
1109
1110
1111
1112
1113
1114
1115
1116
1117
1118
1119
1120
1121
1122
1123
1124
1125
1126
1127
1128
1129
1130
1131
1132
1133
1134
1135
1136
1137
1138
1139
1140
1141
1142
1143
1144
1145
1146
1147
1148
1149
1150
1151
1152
1153
1154
1155
1156
1157
1158
1159
1160
1161
1162
1163
1164
1165
1166
1167
1168
1169
1170
1171
1172
1173
1174
1175
1176
1177
1178
1179
1180
1181
1182
1183
1184
1185
1186
1187
1188
1189
1190
1191
1192
1193
1194
1195
1196
1197
1198
1199
1200
1201
1202
1203
1204
1205
1206
1207
1208
1209
1210
1211
1212
1213
1214
1215
1216
1217
1218
1219
1220
1221
1222
1223
1224
1225
1226
1227
1228
1229
1230
1231
1232
1233
1234
1235
1236
1237
1238
1239
1240
1241
1242
1243
1244
1245
1246
1247
1248
1249
1250
1251
1252
1253
1254
1255
1256
1257
1258
1259
1260
1261
1262
1263
1264
1265
1266
1267
1268
1269
1270
1271
1272
1273
1274
1275
1276
1277
1278
1279
1280
1281
1282
1283
1284
1285
1286
1287
1288
1289
1290
1291
1292
1293
1294
1295
1296
1297
1298
1299
1300
1301
1302
1303
1304
1305
1306
1307
1308
1309
1310
1311
1312
1313
1314
1315
1316
1317
1318
1319
1320
1321
1322
1323
1324
1325
1326
1327
1328
1329
1330
1331
1332
1333
1334
1335
1336
1337
1338
1339
1340
1341
1342
1343
1344
1345
1346
1347
1348
1349
1350
1351
1352
1353
1354
1355
1356
1357
1358
1359
1360
1361
1362
1363
1364
1365
1366
1367
1368
1369
1370
1371
1372
1373
1374
1375
1376
1377
1378
1379
1380
1381
1382
1383
1384
1385
1386
1387
1388
1389
1390
1391
1392
1393
1394
1395
1396
1397
1398
1399
1400
1401
1402
1403
1404
1405
1406
1407
1408
1409
1410
1411
1412
1413
1414
1415
1416
1417
1418
1419
1420
1421
1422
1423
1424
1425
1426
1427
1428
1429
1430
1431
1432
1433
1434
1435
1436
1437
1438
1439
1440
1441
1442
1443
1444
1445
1446
1447
1448
1449
1450
1451
1452
1453
1454
1455
1456
1457
1458
1459
1460
1461
1462
1463
1464
1465
1466
1467
1468
1469
1470
1471
1472
1473
1474
1475
1476
1477
1478
1479
1480
1481
1482
1483
1484
1485
1486
1487
1488
1489
1490
1491
1492
1493
1494
1495
1496
1497
1498
1499
1500
1501
1502
1503
1504
1505
1506
1507
1508
1509
1510
1511
1512
1513
1514
1515
1516
1517
1518
1519
1520
1521
1522
1523
1524
1525
1526
1527
1528
1529
1530
1531
1532
1533
1534
1535
1536
1537
1538
1539
1540
1541
1542
1543
1544
1545
1546
1547
1548
1549
1550
1551
1552
1553
1554
1555
1556
1557
1558
1559
1560
1561
1562
1563
1564
1565
1566
1567
1568
1569
1570
1571
1572
1573
1574
1575
1576
1577
1578
1579
1580
1581
1582
1583
1584
1585
1586
1587
1588
1589
1590
1591
1592
1593
1594
1595
1596
1597
1598
1599
1600
1601
1602
1603
1604
1605
1606
1607
1608
1609
1610
1611
1612
1613
1614
1615
1616
1617
1618
1619
1620
1621
1622
1623
1624
1625
1626
1627
1628
1629
1630
1631
1632
1633
1634
1635
1636
1637
1638
1639
1640
1641
1642
1643
1644
1645
1646
1647
1648
1649
1650
1651
1652
1653
1654
1655
1656
1657
1658
1659
1660
1661
1662
1663
1664
1665
1666
1667
1668
1669
1670
1671
1672
1673
1674
1675
1676
1677
1678
1679
1680
1681
1682
1683
1684
1685
1686
1687
1688
1689
1690
1691
1692
1693
1694
1695
1696
1697
1698
1699
1700
1701
1702
1703
1704
1705
1706
1707
1708
1709
1710
1711
1712
1713
1714
1715
1716
1717
1718
1719
1720
1721
1722
1723
1724
1725
1726
1727
1728
1729
1730
1731
1732
1733
1734
1735
1736
1737
1738
1739
1740
1741
1742
1743
1744
1745
1746
1747
1748
1749
1750
1751
1752
1753
1754
1755
1756
1757
1758
1759
1760
1761
1762
1763
1764
1765
1766
1767
1768
1769
1770
1771
1772
1773
1774
1775
1776
1777
1778
1779
1780
1781
1782
1783
1784
1785
1786
1787
1788
1789
1790
1791
1792
1793
1794
1795
1796
1797
1798
1799
1800
1801
1802
1803
1804
1805
1806
1807
1808
1809
1810
1811
1812
1813
1814
1815
1816
1817
1818
1819
1820
1821
1822
1823
1824
1825
1826
1827
1828
1829
1830
1831
1832
1833
1834
1835
1836
1837
1838
1839
1840
1841
1842
1843
1844
1845
1846
1847
1848
1849
1850
1851
1852
1853
1854
1855
1856
1857
1858
1859
1860
1861
1862
1863
1864
1865
1866
1867
1868
1869
1870
1871
1872
1873
1874
1875
1876
1877
1878
1879
1880
1881
1882
1883
1884
1885
1886
1887
1888
1889
1890
1891
1892
1893
1894
1895
1896
1897
1898
1899
1900
1901
1902
1903
1904
1905
1906
1907
1908
1909
1910
1911
1912
1913
1914
1915
1916
1917
1918
1919
1920
1921
1922
1923
1924
1925
1926
1927
1928
1929
1930
1931
1932
1933
1934
1935
1936
1937
1938
1939
1940
1941
1942
1943
1944
1945
1946
1947
1948
1949
1950
1951
1952
1953
1954
1955
1956
1957
1958
1959
1960
1961
1962
1963
1964
1965
1966
1967
1968
1969
1970
1971
1972
1973
1974
1975
1976
1977
1978
1979
1980
1981
1982
1983
1984
1985
1986
1987
1988
1989
1990
1991
1992
1993
1994
1995
1996
1997
1998
1999
2000
2001
2002
2003
2004
2005
2006
2007
2008
2009
2010
2011
2012
2013
2014
2015
2016
2017
2018
2019
2020
2021
2022
2023
2024
2025
2026
2027
2028
2029
2030
2031
2032
2033
2034
2035
2036
2037
2038
2039
2040
2041
2042
2043
2044
2045
2046
2047
2048
2049
2050
2051
2052
2053
2054
2055
2056
2057
2058
2059
2060
2061
2062
2063
2064
2065
2066
2067
2068
2069
2070
2071
2072
2073
2074
2075
2076
2077
2078
2079
2080
2081
2082
2083
2084
2085
2086
2087
2088
2089
2090
2091
2092
2093
2094
2095
2096
2097
2098
2099
2100
2101
2102
2103
2104
2105
2106
2107
2108
2109
2110
2111
2112
2113
2114
2115
2116
2117
2118
2119
2120
2121
2122
2123
2124
2125
2126
2127
2128
2129
2130
2131
2132
2133
2134
2135
2136
2137
2138
2139
2140
2141
2142
2143
2144
2145
2146
2147
2148
2149
2150
2151
2152
2153
2154
2155
2156
2157
2158
2159
2160
2161
2162
2163
2164
2165
2166
2167
2168
2169
2170
2171
2172
2173
2174
2175
2176
2177
2178
2179
2180
2181
2182
2183
2184
2185
2186
2187
2188
2189
2190
2191
2192
2193
2194
2195
2196
2197
2198
2199
2200
2201
2202
2203
2204
2205
2206
2207
2208
2209
2210
2211
2212
2213
2214
2215
2216
2217
2218
2219
2220
2221
2222
2223
2224
2225
2226
2227
2228
2229
2230
2231
2232
2233
2234
2235
2236
2237
2238
2239
2240
2241
2242
2243
2244
2245
2246
2247
2248
2249
2250
2251
2252
2253
2254
2255
2256
2257
2258
2259
2260
2261
2262
2263
2264
2265
2266
2267
2268
2269
2270
2271
2272
2273
2274
2275
2276
2277
2278
2279
2280
2281
2282
2283
2284
2285
2286
2287
2288
2289
2290
2291
2292
2293
2294
2295
2296
2297
2298
2299
2300
2301
2302
2303
2304
2305
2306
2307
2308
2309
2310
2311
2312
2313
2314
2315
2316
2317
2318
2319
2320
2321
2322
2323
2324
2325
2326
2327
2328
2329
2330
2331
2332
2333
2334
2335
2336
2337
2338
2339
2340
2341
2342
2343
2344
2345
2346
2347
2348
2349
2350
2351
2352
2353
2354
2355
2356
2357
2358
2359
2360
2361
2362
2363
2364
2365
2366
2367
2368
2369
2370
2371
2372
2373
2374
2375
2376
2377
2378
2379
2380
2381
2382
2383
2384
2385
2386
2387
2388
2389
2390
2391
2392
2393
2394
2395
2396
2397
2398
2399
2400
2401
2402
2403
2404
2405
2406
2407
2408
2409
2410
2411
2412
2413
2414
2415
2416
2417
2418
2419
2420
2421
2422
2423
2424
2425
2426
2427
2428
2429
2430
2431
2432
2433
2434
2435
2436
2437
2438
2439
2440
2441
2442
2443
2444
2445
2446
2447
2448
2449
2450
2451
2452
2453
2454
2455
2456
2457
2458
2459
2460
2461
2462
2463
2464
2465
2466
2467
2468
2469
2470
2471
2472
2473
2474
2475
2476
2477
2478
2479
2480
2481
2482
2483
2484
2485
2486
2487
2488
2489
2490
2491
2492
2493
2494
2495
2496
2497
2498
2499
2500
2501
2502
2503
2504
2505
2506
2507
2508
2509
2510
2511
2512
2513
2514
2515
2516
2517
2518
2519
2520
2521
2522
2523
2524
2525
2526
2527
2528
2529
2530
2531
2532
2533
2534
2535
2536
2537
2538
2539
2540
2541
2542
2543
2544
2545
2546
2547
2548
2549
2550
2551
2552
2553
2554
2555
2556
2557
2558
2559
2560
2561
2562
2563
2564
2565
2566
2567
2568
2569
2570
2571
2572
2573
2574
2575
2576
2577
2578
2579
2580
2581
2582
2583
2584
2585
2586
2587
2588
2589
2590
2591
2592
2593
2594
2595
2596
2597
2598
2599
2600
2601
2602
2603
2604
2605
2606
2607
2608
2609
2610
2611
2612
2613
2614
2615
2616
2617
2618
2619
2620
2621
2622
2623
2624
2625
2626
2627
2628
2629
2630
2631
2632
2633
2634
2635
2636
2637
2638
2639
2640
2641
2642
2643
2644
2645
2646
2647
2648
2649
2650
2651
2652
2653
2654
2655
2656
2657
2658
2659
2660
2661
2662
2663
2664
2665
2666
2667
2668
2669
2670
2671
2672
2673
2674
2675
2676
2677
2678
2679
2680
2681
2682
2683
2684
2685
2686
2687
2688
2689
2690
2691
2692
2693
2694
2695
2696
2697
2698
2699
2700
2701
2702
2703
2704
2705
2706
2707
2708
2709
2710
2711
2712
2713
2714
2715
2716
2717
2718
2719
2720
2721
2722
2723
2724
2725
2726
2727
2728
2729
2730
2731
2732
2733
2734
2735
2736
2737
2738
2739
2740
2741
2742
2743
2744
2745
2746
2747
2748
2749
2750
2751
2752
2753
2754
2755
2756
2757
2758
2759
2760
2761
2762
2763
2764
2765
2766
2767
2768
2769
2770
2771
2772
2773
2774
2775
2776
2777
2778
2779
2780
2781
2782
2783
2784
2785
2786
2787
2788
2789
2790
2791
2792
2793
2794
2795
2796
2797
2798
2799
2800
2801
2802
2803
2804
2805
2806
2807
2808
2809
2810
2811
2812
2813
2814
2815
2816
2817
2818
2819
2820
2821
2822
2823
2824
2825
2826
2827
2828
2829
2830
2831
2832
2833
2834
2835
2836
2837
2838
2839
2840
2841
2842
2843
2844
2845
2846
2847
2848
2849
2850
2851
2852
2853
2854
2855
2856
2857
2858
2859
2860
2861
2862
2863
2864
2865
2866
2867
2868
2869
2870
2871
2872
2873
2874
2875
2876
2877
2878
2879
2880
2881
2882
2883
2884
2885
2886
2887
2888
2889
2890
2891
2892
2893
2894
2895
2896
2897
2898
2899
2900
2901
2902
2903
2904
2905
2906
2907
2908
2909
2910
2911
2912
2913
2914
2915
2916
2917
2918
2919
2920
2921
2922
2923
2924
2925
2926
2927
2928
2929
2930
2931
2932
2933
2934
2935
2936
2937
2938
2939
2940
2941
2942
2943
2944
2945
2946
2947
2948
2949
2950
2951
2952
2953
2954
2955
2956
2957
2958
2959
2960
2961
2962
2963
2964
2965
2966
2967
2968
2969
2970
2971
2972
2973
2974
2975
2976
2977
2978
2979
2980
2981
2982
2983
2984
2985
2986
2987
2988
2989
2990
2991
2992
2993
2994
2995
2996
2997
2998
2999
3000
3001
3002
3003
3004
3005
3006
3007
3008
3009
3010
3011
3012
3013
3014
3015
3016
3017
3018
3019
3020
3021
3022
3023
3024
3025
3026
3027
3028
3029
3030
3031
3032
3033
3034
3035
3036
3037
3038
3039
3040
3041
3042
3043
3044
3045
3046
3047
3048
3049
3050
3051
3052
3053
3054
3055
3056
3057
3058
3059
3060
3061
3062
3063
3064
3065
3066
3067
3068
3069
3070
3071
3072
3073
3074
3075
3076
3077
3078
3079
3080
3081
3082
3083
3084
3085
3086
3087
3088
3089
3090
3091
3092
3093
3094
3095
3096
3097
3098
3099
3100
3101
3102
3103
3104
3105
3106
3107
3108
3109
3110
3111
3112
3113
3114
3115
3116
3117
3118
3119
3120
3121
3122
3123
3124
3125
3126
3127
3128
3129
3130
3131
3132
3133
3134
3135
3136
3137
3138
3139
3140
3141
3142
3143
3144
3145
3146
3147
3148
3149
3150
3151
3152
3153
3154
3155
3156
3157
3158
3159
3160
3161
3162
3163
3164
3165
3166
3167
3168
3169
3170
3171
3172
3173
3174
3175
3176
3177
3178
3179
3180
3181
3182
3183
3184
3185
3186
3187
3188
3189
3190
3191
3192
3193
3194
3195
3196
3197
3198
3199
3200
3201
3202
3203
3204
3205
3206
3207
3208
3209
3210
3211
3212
3213
3214
3215
3216
3217
3218
3219
3220
3221
3222
3223
3224
3225
3226
3227
3228
3229
3230
3231
3232
3233
3234
3235
3236
3237
3238
3239
3240
3241
3242
3243
3244
3245
3246
3247
3248
3249
3250
3251
3252
3253
3254
3255
3256
3257
3258
3259
3260
3261
3262
3263
3264
3265
3266
3267
3268
3269
3270
3271
3272
3273
3274
3275
3276
3277
3278
3279
3280
3281
3282
3283
3284
3285
3286
3287
3288
3289
3290
3291
3292
3293
3294
3295
3296
3297
3298
3299
3300
3301
3302
3303
3304
3305
3306
3307
3308
3309
3310
3311
3312
3313
3314
3315
3316
3317
3318
3319
3320
3321
3322
3323
3324
3325
3326
3327
3328
3329
3330
3331
3332
3333
3334
3335
3336
3337
3338
3339
3340
3341
3342
3343
3344
3345
3346
3347
3348
3349
3350
3351
3352
3353
3354
3355
3356
3357
3358
3359
3360
3361
3362
3363
3364
3365
3366
3367
3368
3369
3370
3371
3372
3373
3374
3375
3376
3377
3378
3379
3380
3381
3382
3383
3384
3385
3386
3387
3388
3389
3390
3391
3392
3393
3394
3395
3396
3397
3398
3399
3400
3401
3402
3403
3404
3405
3406
3407
3408
3409
3410
3411
3412
3413
3414
3415
3416
3417
3418
3419
3420
3421
3422
3423
3424
3425
3426
3427
3428
3429
3430
3431
3432
3433
3434
3435
3436
3437
3438
3439
3440
3441
3442
3443
3444
3445
3446
3447
3448
3449
3450
3451
3452
3453
3454
3455
3456
3457
3458
3459
3460
3461
3462
3463
3464
3465
3466
3467
3468
3469
3470
3471
3472
3473
3474
3475
3476
3477
3478
3479
3480
3481
3482
3483
3484
3485
3486
3487
3488
3489
3490
3491
3492
3493
3494
3495
3496
3497
3498
3499
3500
3501
3502
3503
3504
3505
3506
3507
3508
3509
3510
3511
3512
3513
3514
3515
3516
3517
3518
3519
3520
3521
3522
3523
3524
3525
3526
3527
3528
3529
3530
3531
3532
3533
3534
3535
3536
3537
3538
3539
3540
3541
3542
3543
3544
3545
3546
3547
3548
3549
3550
3551
3552
3553
3554
3555
3556
3557
3558
3559
3560
3561
3562
3563
3564
3565
3566
3567
3568
3569
3570
3571
3572
3573
3574
3575
3576
3577
3578
3579
3580
3581
3582
3583
3584
3585
3586
3587
3588
3589
3590
3591
3592
3593
3594
3595
3596
3597
3598
3599
3600
3601
3602
3603
3604
3605
3606
3607
3608
3609
3610
3611
3612
3613
3614
3615
3616
3617
3618
3619
3620
3621
3622
3623
3624
3625
3626
3627
3628
3629
3630
3631
3632
3633
3634
3635
3636
3637
3638
3639
3640
3641
3642
3643
3644
3645
3646
3647
3648
3649
3650
3651
3652
3653
3654
3655
3656
3657
3658
3659
3660
3661
3662
3663
3664
3665
3666
3667
3668
3669
3670
3671
3672
3673
3674
3675
3676
3677
3678
3679
3680
3681
3682
3683
3684
3685
3686
3687
3688
3689
3690
3691
3692
3693
3694
3695
3696
3697
3698
3699
3700
3701
3702
3703
3704
3705
3706
3707
3708
3709
3710
3711
3712
3713
3714
3715
3716
3717
3718
3719
3720
3721
3722
3723
3724
3725
3726
3727
3728
3729
3730
3731
3732
3733
3734
3735
3736
3737
3738
3739
3740
3741
3742
3743
3744
3745
3746
3747
3748
3749
3750
3751
3752
3753
3754
3755
3756
3757
3758
3759
3760
3761
3762
3763
3764
3765
3766
3767
3768
3769
3770
3771
3772
3773
3774
3775
3776
3777
3778
3779
3780
3781
3782
3783
3784
3785
3786
3787
3788
3789
3790
3791
3792
3793
3794
3795
3796
3797
3798
3799
3800
3801
3802
3803
3804
3805
3806
3807
3808
3809
3810
3811
3812
3813
3814
3815
3816
3817
3818
3819
3820
3821
3822
3823
3824
3825
3826
3827
3828
3829
3830
3831
3832
3833
3834
3835
3836
3837
3838
3839
3840
3841
3842
3843
3844
3845
3846
3847
3848
3849
3850
3851
3852
3853
3854
3855
3856
3857
3858
3859
3860
3861
3862
3863
3864
3865
3866
3867
3868
3869
3870
3871
3872
3873
3874
3875
3876
3877
3878
3879
3880
3881
3882
3883
3884
3885
3886
3887
3888
3889
3890
3891
3892
3893
3894
3895
3896
3897
3898
3899
3900
3901
3902
3903
3904
3905
3906
3907
3908
3909
3910
3911
3912
3913
3914
3915
3916
3917
3918
3919
3920
3921
3922
3923
3924
3925
3926
3927
3928
3929
3930
3931
3932
3933
3934
3935
3936
3937
3938
3939
3940
3941
3942
3943
3944
3945
3946
3947
3948
3949
3950
3951
3952
3953
3954
3955
3956
3957
3958
3959
3960
3961
3962
3963
3964
3965
3966
3967
3968
3969
3970
3971
3972
3973
3974
3975
3976
3977
3978
3979
3980
3981
3982
3983
3984
3985
3986
3987
3988
3989
3990
3991
3992
3993
3994
3995
3996
3997
3998
3999
4000
4001
4002
4003
4004
4005
4006
4007
4008
4009
4010
4011
4012
4013
4014
4015
4016
4017
4018
4019
4020
4021
4022
4023
4024
4025
4026
4027
4028
4029
4030
4031
4032
4033
4034
4035
4036
4037
4038
4039
4040
4041
4042
4043
4044
4045
4046
4047
4048
4049
4050
4051
4052
4053
4054
4055
4056
4057
4058
4059
4060
4061
4062
4063
4064
4065
4066
4067
4068
4069
4070
4071
4072
4073
4074
4075
4076
4077
4078
4079
4080
4081
4082
4083
4084
4085
4086
4087
4088
4089
4090
4091
4092
4093
4094
4095
4096
4097
4098
4099
4100
4101
4102
4103
4104
4105
4106
4107
4108
4109
4110
4111
4112
4113
4114
4115
4116
4117
4118
4119
4120
4121
4122
4123
4124
4125
4126
4127
4128
4129
4130
4131
4132
4133
4134
4135
4136
4137
4138
4139
4140
4141
4142
4143
4144
4145
4146
4147
4148
4149
4150
4151
4152
4153
4154
4155
4156
4157
4158
4159
4160
4161
4162
4163
4164
4165
4166
4167
4168
4169
4170
4171
4172
4173
4174
4175
4176
4177
4178
4179
4180
4181
4182
4183
4184
4185
4186
4187
4188
4189
4190
4191
4192
4193
4194
4195
4196
4197
4198
4199
4200
4201
4202
4203
4204
4205
4206
4207
4208
4209
4210
4211
4212
4213
4214
4215
4216
4217
4218
4219
4220
4221
4222
4223
4224
4225
4226
4227
4228
4229
4230
4231
4232
4233
4234
4235
4236
4237
4238
4239
4240
4241
4242
4243
4244
4245
4246
4247
4248
4249
4250
4251
4252
4253
4254
4255
4256
4257
4258
4259
4260
4261
4262
4263
4264
4265
4266
4267
4268
4269
4270
4271
4272
4273
4274
4275
4276
4277
4278
4279
4280
4281
4282
4283
4284
4285
4286
4287
4288
4289
4290
4291
4292
4293
4294
4295
4296
4297
4298
4299
4300
4301
4302
4303
4304
4305
4306
4307
4308
4309
4310
4311
4312
4313
4314
4315
4316
4317
4318
4319
4320
4321
4322
4323
4324
4325
4326
4327
4328
4329
4330
4331
4332
4333
4334
4335
4336
4337
4338
4339
4340
4341
4342
4343
4344
4345
4346
4347
4348
4349
4350
4351
4352
4353
4354
4355
4356
4357
4358
4359
4360
4361
4362
4363
4364
4365
4366
4367
4368
4369
4370
4371
4372
4373
4374
4375
4376
4377
4378
4379
4380
4381
4382
4383
4384
4385
4386
4387
4388
4389
4390
4391
4392
4393
4394
4395
4396
4397
4398
4399
4400
4401
4402
4403
4404
4405
4406
4407
4408
4409
4410
4411
4412
4413
4414
4415
4416
4417
4418
4419
4420
4421
4422
4423
4424
4425
4426
4427
4428
4429
4430
4431
4432
4433
4434
4435
4436
4437
4438
4439
4440
4441
4442
4443
4444
4445
4446
4447
4448
4449
4450
4451
4452
4453
4454
4455
4456
4457
4458
4459
4460
4461
4462
4463
4464
4465
4466
4467
4468
4469
4470
4471
4472
4473
4474
4475
4476
4477
4478
4479
4480
4481
4482
4483
4484
4485
4486
4487
4488
4489
4490
4491
4492
4493
4494
4495
4496
4497
4498
4499
4500
4501
4502
4503
4504
4505
4506
4507
4508
4509
4510
4511
4512
4513
4514
4515
4516
4517
4518
4519
4520
4521
4522
4523
4524
4525
4526
4527
4528
4529
4530
4531
4532
4533
4534
4535
4536
4537
4538
4539
4540
4541
4542
4543
4544
4545
4546
4547
4548
4549
4550
4551
4552
4553
4554
4555
4556
4557
4558
4559
4560
4561
4562
4563
4564
4565
4566
4567
4568
4569
4570
4571
4572
4573
4574
4575
4576
4577
4578
4579
4580
4581
4582
4583
4584
4585
4586
4587
4588
4589
4590
4591
4592
4593
4594
4595
4596
4597
4598
4599
4600
4601
4602
4603
4604
4605
4606
4607
4608
4609
4610
4611
4612
4613
4614
4615
4616
4617
4618
4619
4620
4621
4622
4623
4624
4625
4626
4627
4628
4629
4630
4631
4632
4633
4634
4635
4636
4637
4638
4639
4640
4641
4642
4643
4644
4645
4646
4647
4648
4649
4650
4651
4652
4653
4654
4655
4656
4657
4658
4659
4660
4661
4662
4663
4664
4665
4666
4667
4668
4669
4670
4671
4672
4673
4674
4675
4676
4677
4678
4679
4680
4681
4682
4683
4684
4685
4686
4687
4688
4689
4690
4691
4692
4693
4694
4695
4696
4697
4698
4699
4700
4701
4702
4703
4704
4705
4706
4707
4708
4709
4710
4711
4712
4713
4714
4715
4716
4717
4718
4719
4720
4721
4722
4723
4724
4725
4726
4727
4728
4729
4730
4731
4732
4733
4734
4735
4736
4737
4738
4739
4740
4741
4742
4743
4744
4745
4746
4747
4748
4749
4750
4751
4752
4753
4754
4755
4756
4757
4758
4759
4760
4761
4762
4763
4764
4765
4766
4767
4768
4769
4770
4771
4772
4773
4774
4775
4776
4777
4778
4779
4780
4781
4782
4783
4784
4785
4786
4787
4788
4789
4790
4791
4792
4793
4794
4795
4796
4797
4798
4799
4800
4801
4802
4803
4804
4805
4806
4807
4808
4809
4810
4811
4812
4813
4814
4815
4816
4817
4818
4819
4820
4821
4822
4823
4824
4825
4826
4827
4828
4829
4830
4831
4832
4833
4834
4835
4836
4837
4838
4839
4840
4841
4842
4843
4844
4845
4846
4847
4848
4849
4850
4851
4852
4853
4854
4855
4856
4857
4858
4859
4860
4861
4862
4863
4864
4865
4866
4867
4868
4869
4870
4871
4872
4873
4874
4875
4876
4877
4878
4879
4880
4881
4882
4883
4884
4885
4886
4887
4888
4889
4890
4891
4892
4893
4894
4895
4896
4897
4898
4899
4900
4901
4902
4903
4904
4905
4906
4907
4908
4909
4910
4911
4912
4913
4914
4915
4916
4917
4918
4919
4920
4921
4922
4923
4924
4925
4926
4927
4928
4929
4930
4931
4932
4933
4934
4935
4936
4937
4938
4939
4940
4941
4942
4943
4944
4945
4946
4947
4948
4949
4950
4951
4952
4953
4954
4955
4956
4957
4958
4959
4960
4961
4962
4963
4964
4965
4966
4967
4968
4969
4970
4971
4972
4973
4974
4975
4976
4977
4978
4979
4980
4981
4982
4983
4984
4985
4986
4987
4988
4989
4990
4991
4992
4993
4994
4995
4996
4997
4998
4999
5000
5001
5002
5003
5004
5005
5006
5007
5008
5009
5010
5011
5012
5013
5014
5015
5016
5017
5018
5019
5020
5021
5022
5023
5024
5025
5026
5027
5028
5029
5030
5031
5032
5033
5034
5035
5036
5037
5038
5039
5040
5041
5042
5043
5044
5045
5046
5047
5048
5049
5050
5051
5052
5053
5054
5055
5056
5057
5058
5059
5060
5061
5062
5063
5064
5065
5066
5067
5068
5069
5070
5071
5072
5073
5074
5075
5076
5077
5078
5079
5080
5081
5082
5083
5084
5085
5086
5087
5088
5089
5090
5091
5092
5093
5094
5095
5096
5097
5098
5099
5100
5101
5102
5103
5104
5105
5106
5107
5108
5109
5110
5111
5112
5113
5114
5115
5116
5117
5118
5119
5120
5121
5122
5123
5124
5125
5126
5127
5128
5129
5130
5131
5132
5133
5134
5135
5136
5137
5138
5139
5140
5141
5142
5143
5144
5145
5146
5147
5148
5149
5150
5151
5152
5153
5154
5155
5156
5157
5158
5159
5160
5161
5162
5163
5164
5165
5166
5167
5168
5169
5170
5171
5172
5173
5174
5175
5176
5177
5178
5179
5180
5181
5182
5183
5184
5185
5186
5187
5188
5189
5190
5191
5192
5193
5194
5195
5196
5197
5198
5199
5200
5201
5202
5203
5204
5205
5206
5207
5208
5209
5210
5211
5212
5213
5214
5215
5216
5217
5218
5219
5220
5221
5222
5223
5224
5225
5226
5227
5228
5229
5230
5231
5232
5233
5234
5235
5236
5237
5238
5239
5240
5241
5242
5243
5244
5245
5246
5247
5248
5249
5250
5251
5252
5253
5254
5255
5256
5257
5258
5259
5260
5261
5262
5263
5264
5265
5266
5267
5268
5269
5270
5271
5272
5273
5274
5275
5276
5277
5278
5279
5280
5281
5282
5283
5284
5285
5286
5287
5288
5289
5290
5291
5292
5293
5294
5295
5296
5297
5298
5299
5300
5301
5302
5303
5304
5305
5306
5307
5308
5309
5310
5311
5312
5313
5314
5315
5316
5317
5318
5319
5320
5321
5322
5323
5324
5325
5326
5327
5328
5329
5330
5331
5332
5333
5334
5335
5336
5337
5338
5339
5340
5341
5342
5343
5344
5345
5346
5347
5348
5349
5350
5351
5352
5353
5354
5355
5356
5357
5358
5359
5360
5361
5362
5363
5364
5365
5366
5367
5368
5369
5370
5371
5372
5373
5374
5375
5376
5377
5378
5379
5380
5381
5382
5383
5384
5385
5386
5387
5388
5389
5390
5391
5392
5393
5394
5395
5396
5397
5398
5399
5400
5401
5402
5403
5404
5405
5406
5407
5408
5409
5410
5411
5412
5413
5414
5415
5416
5417
5418
5419
5420
5421
5422
5423
5424
5425
5426
5427
5428
5429
5430
5431
5432
5433
5434
5435
5436
5437
5438
5439
5440
5441
5442
5443
5444
5445
5446
5447
5448
5449
5450
5451
5452
5453
5454
5455
5456
5457
5458
5459
5460
5461
5462
5463
5464
5465
5466
5467
5468
5469
5470
5471
5472
5473
5474
5475
5476
5477
5478
5479
5480
5481
5482
5483
5484
5485
5486
5487
5488
5489
5490
5491
5492
5493
5494
5495
5496
5497
5498
5499
5500
5501
5502
5503
5504
5505
5506
5507
5508
5509
5510
5511
5512
5513
5514
5515
5516
5517
5518
5519
5520
5521
5522
5523
5524
5525
5526
5527
5528
5529
5530
5531
5532
5533
5534
5535
5536
5537
5538
5539
5540
5541
5542
5543
5544
5545
5546
5547
5548
5549
5550
5551
5552
5553
5554
5555
5556
5557
5558
5559
5560
5561
5562
5563
5564
5565
5566
5567
5568
5569
5570
5571
5572
5573
5574
5575
5576
5577
5578
5579
5580
5581
5582
5583
5584
5585
5586
5587
5588
5589
5590
5591
5592
5593
5594
5595
5596
5597
5598
5599
5600
5601
5602
5603
5604
5605
5606
5607
5608
5609
5610
5611
5612
5613
5614
5615
5616
5617
5618
5619
5620
5621
5622
5623
5624
5625
5626
5627
5628
5629
5630
5631
5632
5633
5634
5635
5636
5637
5638
5639
5640
5641
5642
5643
5644
5645
5646
5647
5648
5649
5650
5651
5652
5653
5654
5655
5656
5657
5658
5659
5660
5661
5662
5663
5664
5665
5666
5667
5668
5669
5670
5671
5672
5673
5674
5675
5676
5677
5678
5679
5680
5681
5682
5683
5684
5685
5686
5687
5688
5689
5690
5691
5692
5693
5694
5695
5696
5697
5698
5699
5700
5701
5702
5703
5704
5705
5706
5707
5708
5709
5710
5711
5712
5713
5714
5715
5716
5717
5718
5719
5720
5721
5722
5723
5724
5725
5726
5727
5728
5729
5730
5731
5732
5733
5734
5735
5736
5737
5738
5739
5740
5741
5742
5743
5744
5745
5746
5747
5748
5749
5750
5751
5752
5753
5754
5755
5756
5757
5758
5759
5760
5761
5762
5763
5764
5765
5766
5767
5768
5769
5770
5771
5772
5773
5774
5775
5776
5777
5778
5779
5780
5781
5782
5783
5784
5785
5786
5787
5788
5789
5790
5791
5792
5793
5794
5795
5796
5797
5798
5799
5800
5801
5802
5803
5804
5805
5806
5807
5808
5809
5810
5811
5812
5813
5814
5815
5816
5817
5818
5819
5820
5821
5822
5823
5824
5825
5826
5827
5828
5829
5830
5831
5832
5833
5834
5835
5836
5837
5838
5839
5840
5841
5842
5843
5844
5845
5846
5847
5848
5849
5850
5851
5852
5853
5854
5855
5856
5857
5858
5859
5860
5861
5862
5863
5864
5865
5866
5867
5868
5869
5870
5871
5872
5873
5874
5875
5876
5877
5878
5879
5880
5881
5882
5883
5884
5885
5886
5887
5888
5889
5890
5891
5892
5893
5894
5895
5896
5897
5898
5899
5900
5901
5902
5903
5904
5905
5906
5907
5908
5909
5910
5911
5912
5913
5914
5915
5916
5917
5918
5919
5920
5921
5922
5923
5924
5925
5926
5927
5928
5929
5930
5931
5932
5933
5934
5935
5936
5937
5938
5939
5940
5941
5942
5943
5944
5945
5946
5947
5948
5949
5950
5951
5952
5953
5954
5955
5956
5957
5958
5959
5960
5961
5962
5963
5964
5965
5966
5967
5968
5969
5970
5971
5972
5973
5974
5975
5976
5977
5978
5979
5980
5981
5982
5983
5984
5985
5986
5987
5988
5989
5990
5991
5992
5993
5994
5995
5996
5997
5998
5999
6000
6001
6002
6003
6004
6005
6006
6007
6008
6009
6010
6011
6012
6013
6014
6015
6016
6017
6018
6019
6020
6021
6022
6023
6024
6025
6026
6027
6028
6029
6030
6031
6032
6033
6034
6035
6036
6037
6038
6039
6040
6041
6042
6043
6044
6045
6046
6047
6048
6049
6050
6051
6052
6053
6054
6055
6056
6057
6058
6059
6060
6061
6062
6063
6064
6065
6066
6067
6068
6069
6070
6071
6072
6073
6074
6075
6076
6077
6078
6079
6080
6081
6082
6083
6084
6085
6086
6087
6088
6089
6090
6091
6092
6093
6094
6095
6096
6097
6098
6099
6100
6101
6102
6103
6104
6105
6106
6107
6108
6109
6110
6111
6112
6113
6114
6115
6116
6117
6118
6119
6120
6121
6122
6123
6124
6125
6126
6127
6128
6129
6130
6131
6132
6133
6134
6135
6136
6137
6138
6139
6140
6141
6142
6143
6144
6145
6146
6147
6148
6149
6150
6151
6152
6153
6154
6155
6156
6157
6158
6159
6160
6161
6162
6163
6164
6165
6166
6167
6168
6169
6170
6171
6172
6173
6174
6175
6176
6177
6178
6179
6180
6181
6182
6183
6184
6185
6186
6187
6188
6189
6190
6191
6192
6193
6194
6195
6196
6197
6198
6199
6200
6201
6202
6203
6204
6205
6206
6207
6208
6209
6210
6211
6212
6213
6214
6215
6216
6217
6218
6219
6220
6221
6222
6223
6224
6225
6226
6227
6228
6229
6230
6231
6232
6233
6234
6235
6236
6237
6238
6239
6240
6241
6242
6243
6244
6245
6246
6247
6248
6249
6250
6251
6252
6253
6254
6255
6256
6257
6258
6259
6260
6261
6262
6263
6264
6265
6266
6267
6268
6269
6270
6271
6272
6273
6274
6275
6276
6277
6278
6279
6280
6281
6282
6283
6284
6285
6286
6287
6288
6289
6290
6291
6292
6293
6294
6295
6296
6297
6298
6299
6300
6301
6302
6303
6304
6305
6306
6307
6308
6309
6310
6311
6312
6313
6314
6315
6316
6317
6318
6319
6320
6321
6322
6323
6324
6325
6326
6327
6328
6329
6330
6331
6332
6333
6334
6335
6336
6337
6338
6339
6340
6341
6342
6343
6344
6345
6346
6347
6348
6349
6350
6351
6352
6353
6354
6355
6356
6357
6358
6359
6360
6361
6362
6363
6364
6365
6366
6367
6368
6369
6370
6371
6372
6373
6374
6375
6376
6377
6378
6379
6380
6381
6382
6383
6384
6385
6386
6387
6388
6389
6390
6391
6392
6393
6394
6395
6396
6397
6398
6399
6400
6401
6402
6403
6404
6405
6406
6407
6408
6409
6410
6411
6412
6413
6414
6415
6416
6417
6418
6419
6420
6421
6422
6423
6424
6425
6426
6427
6428
6429
6430
6431
6432
6433
6434
6435
6436
6437
6438
6439
6440
6441
6442
6443
6444
6445
6446
6447
6448
6449
6450
6451
6452
6453
6454
6455
6456
6457
6458
6459
6460
6461
6462
6463
6464
6465
6466
6467
6468
6469
6470
6471
6472
6473
6474
6475
6476
6477
6478
6479
6480
6481
6482
6483
6484
6485
6486
6487
6488
6489
6490
6491
6492
6493
6494
6495
6496
6497
6498
6499
6500
6501
6502
6503
6504
6505
6506
6507
6508
6509
6510
6511
6512
6513
6514
6515
6516
6517
6518
6519
6520
6521
6522
6523
6524
6525
6526
6527
6528
6529
6530
6531
6532
6533
6534
6535
6536
6537
6538
6539
6540
6541
6542
6543
6544
6545
6546
6547
6548
6549
6550
6551
6552
6553
6554
6555
6556
6557
6558
6559
6560
6561
6562
6563
6564
6565
6566
6567
6568
6569
6570
6571
6572
6573
6574
6575
6576
6577
6578
6579
6580
6581
6582
6583
6584
6585
6586
6587
6588
6589
6590
6591
6592
6593
6594
6595
6596
6597
6598
6599
6600
6601
6602
6603
6604
6605
6606
6607
6608
6609
6610
6611
6612
6613
6614
6615
6616
6617
6618
6619
6620
6621
6622
6623
6624
6625
6626
6627
6628
6629
6630
6631
6632
6633
6634
6635
6636
6637
6638
6639
6640
6641
6642
6643
6644
6645
6646
6647
6648
6649
6650
6651
6652
6653
6654
6655
6656
6657
6658
6659
6660
6661
6662
6663
6664
6665
6666
6667
6668
6669
6670
6671
6672
6673
6674
6675
6676
6677
6678
6679
6680
6681
6682
6683
6684
6685
6686
6687
6688
6689
6690
6691
6692
6693
6694
6695
6696
6697
6698
6699
6700
6701
6702
6703
6704
6705
6706
6707
6708
6709
6710
6711
6712
6713
6714
6715
6716
6717
6718
6719
6720
6721
6722
6723
6724
6725
6726
6727
6728
6729
6730
6731
6732
6733
6734
6735
6736
6737
6738
6739
6740
6741
6742
6743
6744
6745
6746
6747
6748
6749
6750
6751
6752
6753
6754
6755
6756
6757
6758
6759
6760
6761
6762
6763
6764
6765
6766
6767
6768
6769
6770
6771
6772
6773
6774
6775
6776
6777
6778
6779
6780
6781
6782
6783
6784
6785
6786
6787
6788
6789
6790
6791
6792
6793
6794
6795
6796
6797
6798
6799
6800
6801
6802
6803
6804
6805
6806
6807
6808
6809
6810
6811
6812
6813
6814
6815
6816
6817
6818
6819
6820
6821
6822
6823
6824
6825
6826
6827
6828
6829
6830
6831
6832
6833
6834
6835
6836
6837
6838
6839
6840
6841
6842
6843
6844
6845
6846
6847
6848
6849
6850
6851
6852
6853
6854
6855
6856
6857
6858
6859
6860
6861
6862
6863
6864
6865
6866
6867
6868
6869
6870
6871
6872
6873
6874
6875
6876
6877
6878
6879
6880
6881
6882
6883
6884
6885
6886
6887
6888
6889
6890
6891
6892
6893
6894
6895
6896
6897
6898
6899
6900
6901
6902
6903
6904
6905
6906
6907
6908
6909
6910
6911
6912
6913
6914
6915
6916
6917
6918
6919
6920
6921
6922
6923
6924
6925
6926
6927
6928
6929
6930
6931
6932
6933
6934
6935
6936
6937
6938
6939
6940
6941
6942
6943
6944
6945
6946
6947
6948
6949
6950
6951
6952
6953
6954
6955
6956
6957
6958
6959
6960
6961
6962
6963
6964
6965
6966
6967
6968
6969
6970
6971
6972
6973
6974
6975
6976
6977
6978
6979
6980
6981
6982
6983
6984
6985
6986
6987
6988
6989
6990
6991
6992
6993
6994
6995
6996
6997
6998
6999
7000
7001
7002
7003
7004
7005
7006
7007
7008
7009
7010
7011
7012
7013
7014
7015
7016
7017
7018
7019
7020
7021
7022
7023
7024
7025
7026
7027
7028
7029
7030
7031
7032
7033
7034
7035
7036
7037
7038
7039
7040
7041
7042
7043
7044
7045
7046
7047
7048
7049
7050
7051
7052
7053
7054
7055
7056
7057
7058
7059
7060
7061
7062
7063
7064
7065
7066
7067
7068
7069
7070
7071
7072
7073
7074
7075
7076
7077
7078
7079
7080
7081
7082
7083
7084
7085
7086
7087
7088
7089
7090
7091
7092
7093
7094
7095
7096
7097
7098
7099
7100
7101
7102
7103
7104
7105
7106
7107
7108
7109
7110
7111
7112
7113
7114
7115
7116
7117
7118
7119
7120
7121
7122
7123
7124
7125
7126
7127
7128
7129
7130
7131
7132
7133
7134
7135
7136
7137
7138
7139
7140
7141
7142
7143
7144
7145
7146
7147
7148
7149
7150
7151
7152
7153
7154
7155
7156
7157
7158
7159
7160
7161
7162
7163
7164
7165
7166
7167
7168
7169
7170
7171
7172
7173
7174
7175
7176
7177
7178
7179
7180
7181
7182
7183
7184
7185
7186
7187
7188
7189
7190
7191
7192
7193
7194
7195
7196
7197
7198
7199
7200
7201
7202
7203
7204
7205
7206
7207
7208
7209
7210
7211
7212
7213
7214
7215
7216
7217
7218
7219
7220
7221
7222
7223
7224
7225
7226
7227
7228
7229
7230
7231
7232
7233
7234
7235
7236
7237
7238
7239
7240
7241
7242
7243
7244
7245
7246
7247
7248
7249
7250
7251
7252
7253
7254
7255
7256
7257
7258
7259
7260
7261
7262
7263
7264
7265
7266
7267
7268
7269
7270
7271
7272
7273
7274
7275
7276
7277
7278
7279
7280
7281
7282
7283
7284
7285
7286
7287
7288
7289
7290
7291
7292
7293
7294
7295
7296
7297
7298
7299
7300
7301
7302
7303
7304
7305
7306
7307
7308
7309
7310
7311
7312
7313
7314
7315
7316
7317
7318
7319
7320
7321
7322
7323
7324
7325
7326
7327
7328
7329
7330
7331
7332
7333
7334
7335
7336
7337
7338
7339
7340
7341
7342
7343
7344
7345
7346
7347
7348
7349
7350
7351
7352
7353
7354
7355
7356
7357
7358
7359
7360
7361
7362
7363
7364
7365
7366
7367
7368
7369
7370
7371
7372
7373
7374
7375
7376
7377
7378
7379
7380
7381
7382
7383
7384
7385
7386
7387
7388
7389
7390
7391
7392
7393
7394
7395
7396
7397
7398
7399
7400
7401
7402
7403
7404
7405
7406
7407
7408
7409
7410
7411
7412
7413
7414
7415
7416
7417
7418
7419
7420
7421
7422
7423
7424
7425
7426
7427
7428
7429
7430
7431
7432
7433
7434
7435
7436
7437
7438
7439
7440
7441
7442
7443
7444
7445
7446
7447
7448
7449
7450
7451
7452
7453
7454
7455
7456
7457
7458
7459
7460
7461
7462
7463
7464
7465
7466
7467
7468
7469
7470
7471
7472
7473
7474
7475
7476
7477
7478
7479
7480
7481
7482
7483
7484
7485
7486
7487
7488
7489
7490
7491
7492
7493
7494
7495
7496
7497
7498
7499
7500
7501
7502
7503
7504
7505
7506
7507
7508
7509
7510
7511
7512
7513
7514
7515
7516
7517
7518
7519
7520
7521
7522
7523
7524
7525
7526
7527
7528
7529
7530
7531
7532
7533
7534
7535
7536
7537
7538
7539
7540
7541
7542
7543
7544
7545
7546
7547
7548
7549
7550
7551
7552
7553
7554
7555
7556
7557
7558
7559
7560
7561
7562
7563
7564
7565
7566
7567
7568
7569
7570
7571
7572
7573
7574
7575
7576
7577
7578
7579
7580
7581
7582
7583
7584
7585
7586
7587
7588
7589
7590
7591
7592
7593
7594
7595
7596
7597
7598
7599
7600
7601
7602
7603
7604
7605
7606
7607
7608
7609
7610
7611
7612
7613
7614
7615
7616
7617
7618
7619
7620
7621
7622
7623
7624
7625
7626
7627
7628
7629
7630
7631
7632
7633
7634
7635
7636
7637
7638
7639
7640
7641
7642
7643
7644
7645
7646
7647
7648
7649
7650
7651
7652
7653
7654
7655
7656
7657
7658
7659
7660
7661
7662
7663
7664
7665
7666
7667
7668
7669
7670
7671
7672
7673
7674
7675
7676
7677
7678
7679
7680
7681
7682
7683
7684
7685
7686
7687
7688
7689
7690
7691
7692
7693
7694
7695
7696
7697
7698
7699
7700
7701
7702
7703
7704
7705
7706
7707
7708
7709
7710
7711
7712
7713
7714
7715
7716
7717
7718
7719
7720
7721
7722
7723
7724
7725
7726
7727
7728
7729
7730
7731
7732
7733
7734
7735
7736
7737
7738
7739
7740
7741
7742
7743
7744
7745
7746
7747
7748
7749
7750
7751
7752
7753
7754
7755
7756
7757
7758
7759
7760
7761
7762
7763
7764
7765
7766
7767
7768
7769
7770
7771
7772
7773
7774
7775
7776
7777
7778
7779
7780
7781
7782
7783
7784
7785
7786
7787
7788
7789
7790
7791
7792
7793
7794
7795
7796
7797
7798
7799
7800
7801
7802
7803
7804
7805
7806
7807
7808
7809
7810
7811
7812
7813
7814
7815
7816
7817
7818
7819
7820
7821
7822
7823
7824
7825
7826
7827
7828
7829
7830
7831
7832
7833
7834
7835
7836
7837
7838
7839
7840
7841
7842
7843
7844
7845
7846
7847
7848
7849
7850
7851
7852
7853
7854
7855
7856
7857
7858
7859
7860
7861
7862
7863
7864
7865
7866
7867
7868
7869
7870
7871
7872
7873
7874
7875
7876
7877
7878
7879
7880
7881
7882
7883
7884
7885
7886
7887
7888
7889
7890
7891
7892
7893
7894
7895
7896
7897
7898
7899
7900
7901
7902
7903
7904
7905
7906
7907
7908
7909
7910
7911
7912
7913
7914
7915
7916
7917
7918
7919
7920
7921
7922
7923
7924
7925
7926
7927
7928
7929
7930
7931
7932
7933
7934
7935
7936
7937
7938
7939
7940
7941
7942
7943
7944
7945
7946
7947
7948
7949
7950
7951
7952
7953
7954
7955
7956
7957
7958
7959
7960
7961
7962
7963
7964
7965
7966
7967
7968
7969
7970
7971
7972
7973
7974
7975
7976
7977
7978
7979
7980
7981
7982
7983
7984
7985
7986
7987
7988
7989
7990
7991
7992
7993
7994
7995
7996
7997
7998
7999
8000
8001
8002
8003
8004
8005
8006
8007
8008
8009
8010
8011
8012
8013
8014
8015
8016
8017
8018
8019
8020
8021
8022
8023
8024
8025
8026
8027
8028
8029
8030
8031
8032
8033
8034
8035
8036
8037
8038
8039
8040
8041
8042
8043
8044
8045
8046
8047
8048
8049
8050
8051
8052
8053
8054
8055
8056
8057
8058
8059
8060
8061
8062
8063
8064
8065
8066
8067
8068
8069
8070
8071
8072
8073
8074
8075
8076
8077
8078
8079
8080
8081
8082
8083
8084
8085
8086
8087
8088
8089
8090
8091
8092
8093
8094
8095
8096
8097
8098
8099
8100
8101
8102
8103
8104
8105
8106
8107
8108
8109
8110
8111
8112
8113
8114
8115
8116
8117
8118
8119
8120
8121
8122
8123
8124
8125
8126
8127
8128
8129
8130
8131
8132
8133
8134
8135
8136
8137
8138
8139
8140
8141
8142
8143
8144
8145
8146
8147
8148
8149
8150
8151
8152
8153
8154
8155
8156
8157
8158
8159
8160
8161
8162
8163
8164
8165
8166
8167
8168
8169
8170
8171
8172
8173
8174
8175
8176
8177
8178
8179
8180
8181
8182
8183
8184
8185
8186
8187
8188
8189
8190
8191
8192
8193
8194
8195
8196
8197
8198
8199
8200
8201
8202
8203
8204
8205
8206
8207
8208
8209
8210
8211
8212
8213
8214
8215
8216
8217
8218
8219
8220
8221
8222
8223
8224
8225
8226
8227
8228
8229
8230
8231
8232
8233
8234
8235
8236
8237
8238
8239
8240
8241
8242
8243
8244
8245
8246
8247
8248
8249
8250
8251
8252
8253
8254
8255
8256
8257
8258
8259
8260
8261
8262
8263
8264
8265
8266
8267
8268
8269
8270
8271
8272
8273
8274
8275
8276
8277
8278
8279
8280
8281
8282
8283
8284
8285
8286
8287
8288
8289
8290
8291
8292
8293
8294
8295
8296
8297
8298
8299
8300
8301
8302
8303
8304
8305
8306
8307
8308
8309
8310
8311
8312
8313
8314
8315
8316
8317
8318
8319
8320
8321
8322
8323
8324
8325
8326
8327
8328
8329
8330
8331
8332
8333
8334
8335
8336
8337
8338
8339
8340
8341
8342
8343
8344
8345
8346
8347
8348
8349
8350
8351
8352
8353
8354
8355
8356
8357
8358
8359
8360
8361
8362
8363
8364
8365
8366
8367
8368
8369
8370
8371
8372
8373
8374
8375
8376
8377
8378
8379
8380
8381
8382
8383
8384
8385
8386
8387
8388
8389
8390
8391
8392
8393
8394
8395
8396
8397
8398
8399
8400
8401
8402
8403
8404
8405
8406
8407
8408
8409
8410
8411
8412
8413
8414
8415
8416
8417
8418
8419
8420
8421
8422
8423
8424
8425
8426
8427
8428
8429
8430
8431
8432
8433
8434
8435
8436
8437
8438
8439
8440
8441
8442
8443
8444
8445
8446
8447
8448
8449
8450
8451
8452
8453
8454
8455
8456
8457
8458
8459
8460
8461
8462
8463
8464
8465
8466
8467
8468
8469
8470
8471
8472
8473
8474
8475
8476
8477
8478
8479
8480
8481
8482
8483
8484
8485
8486
8487
8488
8489
8490
8491
8492
8493
8494
8495
8496
8497
8498
8499
8500
8501
8502
8503
8504
8505
8506
8507
8508
8509
8510
8511
8512
8513
8514
8515
8516
8517
8518
8519
8520
8521
8522
8523
8524
8525
8526
8527
8528
8529
8530
8531
8532
8533
8534
8535
8536
8537
8538
8539
8540
8541
8542
8543
8544
8545
8546
8547
8548
8549
8550
8551
8552
8553
8554
8555
8556
8557
8558
8559
8560
8561
8562
8563
8564
8565
8566
8567
8568
8569
8570
8571
8572
8573
8574
8575
8576
8577
8578
8579
8580
8581
8582
8583
8584
8585
8586
8587
8588
8589
8590
8591
8592
8593
8594
8595
8596
8597
8598
8599
8600
8601
8602
8603
8604
8605
8606
8607
8608
8609
8610
8611
8612
8613
8614
8615
8616
8617
8618
8619
8620
8621
8622
8623
8624
8625
8626
8627
8628
8629
8630
8631
8632
8633
8634
8635
8636
8637
8638
8639
8640
8641
8642
8643
8644
8645
8646
8647
8648
8649
8650
8651
8652
8653
8654
8655
8656
8657
8658
8659
8660
8661
8662
8663
8664
8665
8666
8667
8668
8669
8670
8671
8672
8673
8674
8675
8676
8677
8678
8679
8680
8681
8682
8683
8684
8685
8686
8687
8688
8689
8690
8691
8692
8693
8694
8695
8696
8697
8698
8699
8700
8701
8702
8703
8704
8705
8706
8707
8708
8709
8710
8711
8712
8713
8714
8715
8716
8717
8718
8719
8720
8721
8722
8723
8724
8725
8726
8727
8728
8729
8730
8731
8732
8733
8734
8735
8736
8737
8738
8739
8740
8741
8742
8743
8744
8745
8746
8747
8748
8749
8750
8751
8752
8753
8754
8755
8756
8757
8758
8759
8760
8761
8762
8763
8764
8765
8766
8767
8768
8769
8770
8771
8772
8773
8774
8775
8776
8777
8778
8779
8780
8781
8782
8783
8784
8785
8786
8787
8788
8789
8790
8791
8792
8793
8794
8795
8796
8797
8798
8799
8800
8801
8802
8803
8804
8805
8806
8807
8808
8809
8810
8811
8812
8813
8814
8815
8816
8817
8818
8819
8820
8821
8822
8823
8824
8825
8826
8827
8828
8829
8830
8831
8832
8833
8834
8835
8836
8837
8838
8839
8840
8841
8842
8843
8844
8845
8846
8847
8848
8849
8850
8851
8852
8853
8854
8855
8856
8857
8858
8859
8860
8861
8862
8863
8864
8865
8866
8867
8868
8869
8870
8871
8872
8873
8874
8875
8876
8877
8878
8879
8880
8881
8882
8883
8884
8885
8886
8887
8888
8889
8890
8891
8892
8893
8894
8895
8896
8897
8898
8899
8900
8901
8902
8903
8904
8905
8906
8907
8908
8909
8910
8911
8912
8913
8914
8915
8916
8917
8918
8919
8920
8921
8922
8923
8924
8925
8926
8927
8928
8929
8930
8931
8932
8933
8934
8935
8936
8937
8938
8939
8940
8941
8942
8943
8944
8945
8946
8947
8948
8949
8950
8951
8952
8953
8954
8955
8956
8957
8958
8959
8960
8961
8962
8963
8964
8965
8966
8967
8968
8969
8970
8971
8972
8973
8974
8975
8976
8977
8978
8979
8980
8981
8982
8983
8984
8985
8986
8987
8988
8989
8990
8991
8992
8993
8994
8995
8996
8997
8998
8999
9000
9001
9002
9003
9004
9005
9006
9007
9008
9009
9010
9011
9012
9013
9014
9015
9016
9017
9018
9019
9020
9021
9022
9023
9024
9025
9026
9027
9028
9029
9030
9031
9032
9033
9034
9035
9036
9037
9038
9039
9040
9041
9042
9043
9044
9045
9046
9047
9048
9049
9050
9051
9052
9053
9054
9055
9056
9057
9058
9059
9060
9061
9062
9063
9064
9065
9066
9067
9068
9069
9070
9071
9072
9073
9074
9075
9076
9077
9078
9079
9080
9081
9082
9083
9084
9085
9086
9087
9088
9089
9090
9091
9092
9093
9094
9095
9096
9097
9098
9099
9100
9101
9102
9103
9104
9105
9106
9107
9108
9109
9110
9111
9112
9113
9114
9115
9116
9117
9118
9119
9120
9121
9122
9123
9124
9125
9126
9127
9128
9129
9130
9131
9132
9133
9134
9135
9136
9137
9138
9139
9140
9141
9142
9143
9144
9145
9146
9147
9148
9149
9150
9151
9152
9153
9154
9155
9156
9157
9158
9159
9160
9161
9162
9163
9164
9165
9166
9167
9168
9169
9170
9171
9172
9173
9174
9175
9176
9177
9178
9179
9180
9181
9182
9183
9184
9185
9186
9187
9188
9189
9190
9191
9192
9193
9194
9195
9196
9197
9198
9199
9200
9201
9202
9203
9204
9205
9206
9207
9208
9209
9210
9211
9212
9213
9214
9215
9216
9217
9218
9219
9220
9221
9222
9223
9224
9225
9226
9227
9228
9229
9230
9231
9232
9233
9234
9235
9236
9237
9238
9239
9240
9241
9242
9243
9244
9245
9246
9247
9248
9249
9250
9251
9252
9253
9254
9255
9256
9257
9258
9259
9260
9261
9262
9263
9264
9265
9266
9267
9268
9269
9270
9271
9272
9273
9274
9275
9276
9277
9278
9279
9280
9281
9282
9283
9284
9285
9286
9287
9288
9289
9290
9291
9292
9293
9294
9295
9296
9297
9298
9299
9300
9301
9302
9303
9304
9305
9306
9307
9308
9309
9310
9311
9312
9313
9314
9315
9316
9317
9318
9319
9320
9321
9322
9323
9324
9325
9326
9327
9328
9329
9330
9331
9332
9333
9334
9335
9336
9337
9338
9339
9340
9341
9342
9343
9344
9345
9346
9347
9348
9349
9350
9351
9352
9353
9354
9355
9356
9357
9358
9359
9360
9361
9362
9363
9364
9365
9366
9367
9368
9369
9370
9371
9372
9373
9374
9375
9376
9377
9378
9379
9380
9381
9382
9383
9384
9385
9386
9387
9388
9389
9390
9391
9392
9393
9394
9395
9396
9397
9398
9399
9400
9401
9402
9403
9404
9405
9406
9407
9408
9409
9410
9411
9412
9413
9414
9415
9416
9417
9418
9419
9420
9421
9422
9423
9424
9425
9426
9427
9428
9429
9430
9431
9432
9433
9434
9435
9436
9437
9438
9439
9440
9441
9442
9443
9444
9445
9446
9447
9448
9449
9450
9451
9452
9453
9454
9455
9456
9457
9458
9459
9460
9461
9462
9463
9464
9465
9466
9467
9468
9469
9470
9471
9472
9473
9474
9475
9476
9477
9478
9479
9480
9481
9482
9483
9484
9485
9486
9487
9488
9489
9490
9491
9492
9493
9494
9495
9496
9497
9498
9499
9500
9501
9502
9503
9504
9505
9506
9507
9508
9509
9510
9511
9512
9513
9514
9515
9516
9517
9518
9519
9520
9521
9522
9523
9524
9525
9526
9527
9528
9529
9530
9531
9532
9533
9534
9535
9536
9537
9538
9539
9540
9541
9542
9543
9544
9545
9546
9547
9548
9549
9550
9551
9552
9553
9554
9555
9556
9557
9558
9559
9560
9561
9562
9563
9564
9565
9566
9567
9568
9569
9570
9571
9572
9573
9574
9575
9576
9577
9578
9579
9580
9581
9582
9583
9584
9585
9586
9587
9588
9589
9590
9591
9592
9593
9594
9595
9596
9597
9598
9599
9600
9601
9602
9603
9604
9605
9606
9607
9608
9609
9610
9611
9612
9613
9614
9615
9616
9617
9618
9619
9620
9621
9622
9623
9624
9625
9626
9627
9628
9629
9630
9631
9632
9633
9634
9635
9636
9637
9638
9639
9640
9641
9642
9643
9644
9645
9646
9647
9648
9649
9650
9651
9652
9653
9654
9655
9656
9657
9658
9659
9660
9661
9662
9663
9664
9665
9666
9667
9668
9669
9670
9671
9672
9673
9674
9675
9676
9677
9678
9679
9680
9681
9682
9683
9684
9685
9686
9687
9688
9689
9690
9691
9692
9693
9694
9695
9696
9697
9698
9699
9700
9701
9702
9703
9704
9705
9706
9707
9708
9709
9710
9711
9712
9713
9714
9715
9716
9717
9718
9719
9720
9721
9722
9723
9724
9725
9726
9727
9728
9729
9730
9731
9732
9733
9734
9735
9736
9737
9738
9739
9740
9741
9742
9743
9744
9745
9746
9747
9748
9749
9750
9751
9752
9753
9754
9755
9756
9757
9758
9759
9760
9761
9762
9763
9764
9765
9766
9767
9768
9769
9770
9771
9772
9773
9774
9775
9776
9777
9778
9779
9780
9781
9782
9783
9784
9785
9786
9787
9788
9789
9790
9791
9792
9793
9794
9795
9796
9797
9798
9799
9800
9801
9802
9803
9804
9805
9806
9807
9808
9809
9810
9811
9812
9813
9814
9815
9816
9817
9818
9819
9820
9821
9822
9823
9824
9825
9826
9827
9828
9829
9830
9831
9832
9833
9834
9835
9836
9837
9838
9839
9840
9841
9842
9843
9844
9845
9846
9847
9848
9849
9850
9851
9852
9853
9854
9855
9856
9857
9858
9859
9860
9861
9862
9863
9864
9865
9866
9867
9868
9869
9870
9871
9872
9873
9874
9875
9876
9877
9878
9879
9880
9881
9882
9883
9884
9885
9886
9887
9888
9889
9890
9891
9892
9893
9894
9895
9896
9897
9898
9899
9900
9901
9902
9903
9904
9905
9906
9907
9908
9909
9910
9911
9912
9913
9914
9915
9916
9917
9918
9919
9920
9921
9922
9923
9924
9925
9926
9927
9928
9929
9930
9931
9932
9933
9934
9935
9936
9937
9938
9939
9940
9941
9942
9943
9944
9945
9946
9947
9948
9949
9950
9951
9952
9953
9954
9955
9956
9957
9958
9959
9960
9961
9962
9963
9964
9965
9966
9967
9968
9969
9970
9971
9972
9973
9974
9975
9976
9977
9978
9979
9980
9981
9982
9983
9984
9985
9986
9987
9988
9989
9990
9991
9992
9993
9994
9995
9996
9997
9998
9999
10000
