1000
1
9
36
100
225
441
784
1296
2025
3025
4356
6084
8281
11025
14400
18496
23409
29241
36100
44100
53361
64009
76176
90000
105625
123201
142884
164836
189225
216225
246016
278784
314721
354025
396900
443556
494209
549081
608400
672400
741321
815409
894916
980100
1071225
1168561
1272384
1382976
1500625
1625625
1758276
1898884
2047761
2205225
2371600
2547216
2732409
2927521
3132900
3348900
3575881
3814209
4064256
4326400
4601025
4888521
5189284
5503716
5832225
6175225
6533136
6906384
7295401
7700625
8122500
8561476
9018009
9492561
9985600
10497600
11029041
11580409
12152196
12744900
13359025
13995081
14653584
15335056
16040025
16769025
17522596
18301284
19105641
19936225
20793600
21678336
22591009
23532201
24502500
25502500
26532801
27594009
28686736
29811600
30969225
32160241
33385284
34644996
35940025
37271025
38638656
40043584
41486481
42968025
44488900
46049796
47651409
49294441
50979600
52707600
54479161
56295009
58155876
60062500
62015625
64016001
66064384
68161536
70308225
72505225
74753316
77053284
79405921
81812025
84272400
86787856
89359209
91987281
94672900
97416900
100220121
103083409
106007616
108993600
112042225
115154361
118330884
121572676
124880625
128255625
131698576
135210384
138791961
142444225
146168100
149964516
153834409
157778721
161798400
165894400
170067681
174319209
178649956
183060900
187553025
192127321
196784784
201526416
206353225
211266225
216266436
221354884
226532601
231800625
237160000
242611776
248157009
253796761
259532100
265364100
271293841
277322409
283450896
289680400
296012025
302446881
308986084
315630756
322382025
329241025
336208896
343286784
350475841
357777225
365192100
372721636
380367009
388129401
396010000
404010000
412130601
420373009
428738436
437228100
445843225
454585041
463454784
472453696
481583025
490844025
500237956
509766084
519429681
529230025
539168400
549246096
559464409
569824641
580328100
590976100
601769961
612711009
623800576
635040000
646430625
657973801
669670884
681523236
693532225
705699225
718025616
730512784
743162121
755975025
768952900
782097156
795409209
808890481
822542400
836366400
850363921
864536409
878885316
893412100
908118225
923005161
938074384
953327376
968765625
984390625
1000203876
1016206884
1032401161
1048788225
1065369600
1082146816
1099121409
1116294921
1133668900
1151244900
1169024481
1187009209
1205200656
1223600400
1242210025
1261031121
1280065284
1299314116
1318779225
1338462225
1358364736
1378488384
1398834801
1419405625
1440202500
1461227076
1482481009
1503965961
1525683600
1547635600
1569823641
1592249409
1614914596
1637820900
1660970025
1684363681
1708003584
1731891456
1756029025
1780418025
1805060196
1829957284
1855111041
1880523225
1906195600
1932129936
1958328009
1984791601
2011522500
2038522500
2065793401
2093337009
2121155136
2149249600
2177622225
2206274841
2235209284
2264427396
2293931025
2323722025
2353802256
2384173584
2414837881
2445797025
2477052900
2508607396
2540462409
2572619841
2605081600
2637849600
2670925761
2704312009
2738010276
2772022500
2806350625
2840996601
2875962384
2911249936
2946861225
2982798225
3019062916
3055657284
3092583321
3129843025
3167438400
3205371456
3243644209
3282258681
3321216900
3360520900
3400172721
3440174409
3480528016
3521235600
3562299225
3603720961
3645502884
3687647076
3730155625
3773030625
3816274176
3859888384
3903875361
3948237225
3992976100
4038094116
4083593409
4129476121
4175744400
4222400400
4269446281
4316884209
4364716356
4412944900
4461572025
4510599921
4560030784
4609866816
4660110225
4710763225
4761828036
4813306884
4865202001
4917515625
4970250000
5023407376
5076990009
5131000161
5185440100
5240312100
5295618441
5351361409
5407543296
5464166400
5521233025
5578745481
5636706084
5695117156
5753981025
5813300025
5873076496
5933312784
5994011241
6055174225
6116804100
6178903236
6241474009
6304518801
6368040000
6432040000
6496521201
6561486009
6626936836
6692876100
6759306225
6826229641
6893648784
6961566096
7029984025
7098905025
7168331556
7238266084
7308711081
7379669025
7451142400
7523133696
7595645409
7668680041
7742240100
7816328100
7890946561
7966098009
8041784976
8118010000
8194775625
8272084401
8349938884
8428341636
8507295225
8586802225
8666865216
8747486784
8828669521
8910416025
8992728900
9075610756
9159064209
9243091881
9327696400
9412880400
9498646521
9584997409
9671935716
9759464100
9847585225
9936301761
10025616384
10115531776
10206050625
10297175625
10388909476
10481254884
10574214561
10667791225
10761987600
10856806416
10952250409
11048322321
11145024900
11242360900
11340333081
11438944209
11538197056
11638094400
11738639025
11839833721
11941681284
12044184516
12147346225
12251169225
12355656336
12460810384
12566634201
12673130625
12780302500
12888152676
12996684009
13105899361
13215801600
13326393600
13437678241
13549658409
13662336996
13775716900
13889801025
14004592281
14120093584
14236307856
14353238025
14470887025
14589257796
14708353284
14828176441
14948730225
15070017600
15192041536
15314805009
15438311001
15562562500
15687562500
15813314001
15939820009
16067083536
16195107600
16323895225
16453449441
16583773284
16714869796
16846742025
16979393025
17112825856
17247043584
17382049281
17517846025
17654436900
17791824996
17930013409
18069005241
18208803600
18349411600
18490832361
18633069009
18776124676
18920002500
19064705625
19210237201
19356600384
19503798336
19651834225
19800711225
19950432516
20101001284
20252420721
20404694025
20557824400
20711815056
20866669209
21022390081
21178980900
21336444900
21494785321
21654005409
21814108416
21975097600
22136976225
22299747561
22463414884
22627981476
22793450625
22959825625
23127109776
23295306384
23464418761
23634450225
23805404100
23977283716
24150092409
24323833521
24498510400
24674126400
24850684881
25028189209
25206642756
25386048900
25566411025
25747732521
25930016784
26113267216
26297487225
26482680225
26668849636
26855998884
27044131401
27233250625
27423360000
27614462976
27806563009
27999663561
28193768100
28388880100
28585003041
28782140409
28980295696
29179472400
29379674025
29580904081
29783166084
29986463556
30190800025
30396179025
30602604096
30810078784
31018606641
31228191225
31438836100
31650544836
31863321009
32077168201
32292090000
32508090000
32725171801
32943339009
33162595236
33382944100
33604389225
33826934241
34050582784
34275338496
34501205025
34728186025
34956285156
35185506084
35415852481
35647328025
35879936400
36113681296
36348566409
36584595441
36821772100
37060100100
37299583161
37540225009
37782029376
38025000000
38269140625
38514455001
38760946884
39008620036
39257478225
39507525225
39758764816
40011200784
40264836921
40519677025
40775724900
41032984356
41291459209
41551153281
41812070400
42074214400
42337589121
42602198409
42868046116
43135136100
43403472225
43673058361
43943898384
44215996176
44489355625
44763980625
45039875076
45317042884
45595487961
45875214225
46156225600
46438526016
46722119409
47007009721
47293200900
47580696900
47869501681
48159619209
48451053456
48743808400
49037888025
49333296321
49630037284
49928114916
50227533225
50528296225
50830407936
51133872384
51438693601
51744875625
52052422500
52361338276
52671627009
52983292761
53296339600
53610771600
53926592841
54243807409
54562419396
54882432900
55203852025
55526680881
55850923584
56176584256
56503667025
56832176025
57162115396
57493489284
57826301841
58160557225
58496259600
58833413136
59172022009
59512090401
59853622500
60196622500
60541094601
60887043009
61234471936
61583385600
61933788225
62285684041
62639077284
62993972196
63350373025
63708284025
64067709456
64428653584
64791120681
65155115025
65520640900
65887702596
66256304409
66626450641
66998145600
67371393600
67746198961
68122566009
68500499076
68880002500
69261080625
69643737801
70027978384
70413806736
70801227225
71190244225
71580862116
71973085284
72366918121
72762365025
73159430400
73558118656
73958434209
74360381481
74763964900
75169188900
75576057921
75984576409
76394748816
76806579600
77220073225
77635234161
78052066884
78470575876
78890765625
79312640625
79736205376
80161464384
80588422161
81017083225
81447452100
81879533316
82313331409
82748850921
83186096400
83625072400
84065783481
84508234209
84952429156
85398372900
85846070025
86295525121
86746742784
87199727616
87654484225
88111017225
88569331236
89029430884
89491320801
89955005625
90420490000
90887778576
91356876009
91827786961
92300516100
92775068100
93251447641
93729659409
94209708096
94691598400
95175335025
95660922681
96148366084
96637669956
97128839025
97621878025
98116791696
98613584784
99112262041
99612828225
100115288100
100619646436
101125908009
101634077601
102144160000
102656160000
103170082401
103685932009
104203713636
104723432100
105245092225
105768698841
106294256784
106821770896
107351246025
107882687025
108416098756
108951486084
109488853881
110028207025
110569550400
111112888896
111658227409
112205570841
112754924100
113306292100
113859679761
114415092009
114972533776
115532010000
116093525625
116657085601
117222694884
117790358436
118360081225
118931868225
119505724416
120081654784
120659664321
121239758025
121821940900
122406217956
122992594209
123581074681
124171664400
124764368400
125359191721
125956139409
126555216516
127156428100
127759779225
128365274961
128972920384
129582720576
130194680625
130808805625
131425100676
132043570884
132664221361
133287057225
133912083600
134539305616
135168728409
135800357121
136434196900
137070252900
137708530281
138349034209
138991769856
139636742400
140283957025
140933418921
141585133284
142239105316
142895340225
143553843225
144214619536
144877674384
145543013001
146210640625
146880562500
147552783876
148227310009
148904146161
149583297600
150264769600
150948567441
151634696409
152323161796
153013968900
153707123025
154402629481
155100493584
155800720656
156503316025
157208285025
157915632996
158625365284
159337487241
160052004225
160768921600
161488244736
162209979009
162934129801
163660702500
164389702500
165121135201
165855006009
166591320336
167330083600
168071301225
168814978641
169561121284
170309734596
171060824025
171814395025
172570453056
173329003584
174090052081
174853604025
175619664900
176388240196
177159335409
177932956041
178709107600
179487795600
180269025561
181052803009
181839133476
182628022500
183419475625
184213498401
185010096384
185809275136
186611040225
187415397225
188222351716
189031909284
189844075521
190658856025
191476256400
192296282256
193118939209
193944232881
194772168900
195602752900
196435990521
197271887409
198110449216
198951681600
199795590225
200642180761
201491458884
202343430276
203198100625
204055475625
204915560976
205778362384
206643885561
207512136225
208383120100
209256842916
210133310409
211012528321
211894502400
212779238400
213666742081
214557019209
215450075556
216345916900
217244549025
218145977721
219050208784
219957248016
220867101225
221779774225
222695272836
223613602884
224534770201
225458780625
226385640000
227315354176
228247929009
229183370361
230121684100
231062876100
232006952241
232953918409
233903780496
234856544400
235812216025
236770801281
237732306084
238696736356
239664098025
240634397025
241607639296
242583830784
243562977441
244545085225
245530160100
246518208036
247509235009
248503247001
249500250000
250500250000
